#s 1 5 5 5 5 5 5 5 5 5 5 5 5 5 5 5
#s 2 5 5 5 5 5 5 5 5 5 5 5 5 5 5 5
#s 3 5 5 5 5 5 5 5 5 5 5 5 5 5 5 5
#s 4 5 5 5 5 5 5 5 5 5 5 5 5 5 5 5
#s 5 5 5 5 5 5 5 5 5 5 5 5 5 5 5 5
#s 6 5 5 5 5 5 5 5 5 5 5 5 5 5 5 5
#s 7 5 5 5 5 5 5 5 5 5 5 5 5 5 5 5
#s 8 5 5 5 5 5 5 5 5 5 5 5 5 5 5 5
#s 9 5 5 5 5 5 5 5 5 5 5 5 5 5 5 5
#s 10 5 5 5 5 5 5 5 5 5 5 5 5 5 5 5
#s 11 5 5 5 5 5 5 5 5 5 5 5 5 5 5 5
#s 12 5 5 5 5 5 5 5 5 5 5 5 5 5 5 5
#s 13 5 5 5 5 5 5 5 5 5 5 5 5 5 5 5
#s 14 5 5 5 5 5 5 5 5 5 5 5 5 5 5 5
#s 15 5 5 5 5 5 5 5 5 5 5 5 5 5 5 5
#s 16 5 5 5 5 5 5 5 5 5 5 5 5 5 5 5
#s 17 5 5 5 5 5 5 5 5 5 5 5 5 5 5 5
#s 18 5 5 5 5 5 5 5 5 5 5 5 5 5 5 5
#s 19 5 5 5 5 5 5 5 5 5 5 5 5 5 5 5
#s 20 5 5 5 5 5 5 5 5 5 5 5 5 5 5 5
20 1 166 2 132 3 236 4 165 5 34 6 187 7 250 8 263 9 21 10 277 11 237 12 72 13 7 14 97 15 354 16 572 17 594 18 534 19 404 20 443
#s 4 5 5 6 7 5 5 5 6 6 5 5 5 5 5 5
1 4 176
#s 10 5 5 5 5 5 5 5 5 5 5 5 5 5 5 5
1 10 549
#s 6 5 5 8 5 5 5 5 5 5 5 5 5 5 5 5
#s 13 5 5 5 5 5 5 5 5 5 5 5 5 5 5 5
2 6 42 13 362
0
0
0
0
0
0
#s 16 5 5 5 5 5 5 5 5 5 5 5 5 5 5 5
1 16 12
#s 3 6 5 5 5 5 5 5 5 5 5 5 5 5 5 5
#s 9 0 5 5 5 3 5 5 5 5 5 5 5 5 5 5
2 3 94 9 255
#s 11 5 3 5 5 5 5 5 5 5 5 5 5 5 5 5
1 11 247
#s 7 6 5 5 6 5 5 5 5 5 5 5 5 5 5 5
#s 10 5 5 5 5 5 5 5 5 5 5 5 5 5 5 5
#s 15 5 5 5 5 5 5 0 0 5 5 5 3 5 5 5
3 7 340 10 317 15 503
#s 18 5 5 8 5 5 5 5 5 5 5 5 5 5 5 5
1 18 565
0
#s 1 5 5 5 5 5 5 5 5 5 5 5 5 5 5 5
#s 10 5 5 5 11 5 5 6 5 5 5 5 5 5 6 5
#s 17 5 5 5 16 6 5 7 5 6 7 5 8 17 9 5
3 17 182 1 648 10 619
#s 11 5 3 5 5 5 5 5 5 5 5 5 2 5 5 5
1 11 79
0
#s 17 5 5 5 16 6 5 7 8 7 7 6 8 17 9 5
1 17 239
#s 13 11 10 6 7 5 11 5 5 5 5 5 5 7 10 5
1 13 395
#s 5 5 2 5 5 5 5 5 5 5 5 5 5 5 5 5
1 5 104
0
0
#s 10 8 5 5 11 5 5 12 7 5 5 5 5 5 6 5
1 10 575
#s 20 5 8 13 10 7 5 5 5 5 5 5 5 5 5 5
1 20 452
#s 13 11 10 6 7 5 11 5 5 5 5 5 5 7 10 5
1 13 254
#s 1 3 5 0 5 5 5 5 5 5 4 5 5 4 5 5
1 1 664
0
0
#s 13 11 10 7 7 7 11 9 5 6 5 5 5 7 10 5
#s 15 5 0 5 5 5 5 0 0 5 5 5 3 5 5 5
2 13 343 15 280
#s 5 8 2 5 5 5 5 5 5 5 5 5 5 5 5 5
1 5 159
#s 4 8 15 6 7 5 5 5 6 6 5 5 5 5 5 5
1 4 513
#s 6 6 5 8 5 5 5 5 5 5 5 5 5 5 5 5
1 6 633
#s 3 6 5 5 9 5 8 5 5 5 5 5 5 5 5 5
1 3 474
#s 13 11 10 7 7 7 11 9 5 6 5 5 5 7 10 5
1 13 69
0
#s 3 6 5 5 9 5 8 5 5 5 5 5 6 5 5 5
#s 7 9 10 5 6 5 5 17 5 5 5 5 5 5 5 5
2 7 488 3 423
#s 3 6 5 5 9 5 8 5 5 5 5 5 6 5 5 5
#s 9 0 5 3 5 3 5 5 5 5 5 5 5 5 5 5
#s 13 11 10 7 7 7 11 9 5 6 5 5 5 7 10 5
3 13 496 3 451 9 417
0
#s 8 5 0 5 3 5 5 5 5 5 5 5 5 5 5 5
1 8 278
#s 6 6 5 8 9 6 5 5 5 5 5 5 5 5 5 5
1 6 71
0
0
#s 5 8 2 5 5 5 5 4 5 5 5 5 5 5 5 1
1 5 252
#s 11 3 3 5 5 5 5 5 5 5 5 5 2 5 5 5
1 11 142
0
0
0
#s 19 0 0 4 5 5 5 5 5 5 5 5 5 5 5 5
1 19 486
0
#s 14 0 5 0 3 5 5 5 5 5 5 5 5 5 5 5
#s 16 5 5 5 5 0 5 2 5 5 5 5 5 5 1 5
2 14 70 16 84
#s 12 11 5 5 5 5 5 5 5 5 5 5 5 5 5 5
1 12 139
#s 10 8 6 5 11 8 9 12 7 5 5 18 7 3 6 5
#s 11 3 3 5 5 6 7 5 5 5 5 23 2 5 5 5
2 10 221 11 551
#s 13 11 10 7 7 10 14 9 11 6 10 5 5 7 10 5
1 13 540
0
#s 5 8 2 5 5 5 5 4 5 5 5 5 5 5 5 1
#s 20 8 8 14 10 7 5 5 5 5 5 8 5 5 5 5
2 20 348 5 672
#s 7 17 10 5 6 5 5 17 5 5 5 5 5 5 5 5
#s 11 3 3 5 5 6 7 5 5 5 5 23 2 5 5 5
#s 13 11 10 7 7 10 14 9 11 6 10 5 5 7 10 5
3 13 507 7 470 11 661
#s 10 8 6 5 11 8 9 12 7 5 5 18 7 3 6 5
1 10 274
#s 10 8 6 5 11 8 9 12 7 5 5 18 7 3 6 9
1 10 346
0
0
0
0
0
0
0
0
#s 17 5 5 5 16 6 5 7 8 7 7 6 8 17 9 5
#s 18 5 7 8 6 5 5 5 5 5 5 5 5 5 5 5
2 18 249 17 595
0
0
#s 19 0 0 4 5 5 5 5 3 5 5 5 5 5 5 5
1 19 482
#s 2 0 2 5 5 5 5 5 5 5 5 5 5 5 5 5
1 2 202
#s 7 17 10 5 6 5 5 17 5 5 5 5 5 5 5 5
1 7 64
0
#s 5 9 2 5 5 5 5 4 5 5 5 5 5 5 5 1
#s 11 3 3 6 4 6 7 5 6 14 5 23 2 5 8 5
2 11 542 5 80
#s 18 5 7 8 6 5 5 5 5 5 5 5 2 5 5 5
1 18 335
0
#s 3 6 5 5 9 5 8 5 5 5 5 5 6 5 5 5
#s 10 8 9 5 11 8 9 12 7 5 5 18 7 5 6 9
2 10 533 3 379
#s 19 0 0 4 5 5 5 5 3 5 5 3 5 5 5 5
1 19 556
0
#s 17 5 5 5 16 6 5 7 8 7 3 6 3 17 11 2
1 17 596
#s 6 6 5 8 9 6 5 5 5 5 5 5 5 5 8 5
#s 14 0 1 0 3 5 5 5 5 5 5 5 3 5 5 4
2 6 98 14 106
0
#s 4 8 15 6 7 5 5 5 6 6 5 5 5 4 4 2
#s 10 8 9 5 11 8 9 12 7 5 5 18 7 5 6 9
#s 13 17 10 7 7 10 14 9 11 6 10 5 5 7 10 5
3 10 601 13 610 4 489
#s 1 3 13 0 5 5 5 5 5 5 4 5 5 4 5 5
#s 10 8 9 5 11 8 9 12 7 5 5 18 7 5 6 9
2 10 682 1 63
0
#s 20 8 8 14 10 7 5 2 5 5 5 8 5 5 5 5
1 20 420
#s 9 0 12 3 5 3 5 7 8 5 5 5 5 5 5 5
1 9 467
0
0
0
#s 1 3 13 0 5 5 5 5 5 5 4 5 5 4 5 5
#s 7 17 10 2 5 5 5 18 5 5 5 5 5 3 5 6
#s 8 0 0 1 3 5 5 3 5 5 5 5 5 5 5 5
3 7 532 1 33 8 747
#s 9 0 12 3 5 3 5 7 8 5 5 5 5 5 5 5
1 9 65
0
#s 15 5 0 5 8 5 5 0 0 5 5 5 3 5 5 5
1 15 373
#s 4 8 15 6 7 5 11 5 6 6 5 5 5 4 4 2
1 4 506
#s 3 5 2 5 9 5 8 6 5 5 5 5 6 5 5 5
1 3 725
0
#s 7 16 10 2 5 5 5 18 5 5 6 5 5 3 5 8
1 7 36
0
#s 17 5 15 7 16 8 7 7 14 6 3 12 3 17 12 2
1 17 593
#s 13 17 10 7 7 10 14 9 11 6 10 5 5 7 10 5
1 13 679
0
#s 16 3 3 2 5 0 3 2 5 5 5 4 5 5 1 5
#s 17 5 15 7 16 8 7 7 14 6 2 12 3 17 13 4
2 17 586 16 719
#s 10 13 9 10 11 8 9 14 7 5 5 18 7 5 6 13
#s 12 11 13 5 5 5 5 5 5 5 5 5 5 5 5 5
#s 17 5 15 7 16 8 7 7 14 6 2 12 3 17 13 4
3 10 148 17 693 12 136
0
#s 13 17 10 7 7 13 14 15 11 6 10 5 5 7 10 5
1 13 141
#s 7 16 10 2 5 5 5 18 5 5 6 5 5 3 5 8
#s 11 3 3 6 4 6 7 5 6 14 5 23 2 5 8 5
2 7 626 11 502
0
#s 10 13 9 10 11 8 9 14 7 5 5 18 7 5 6 13
#s 18 5 7 8 6 5 5 5 5 5 5 5 2 5 14 5
2 10 336 18 171
0
0
0
#s 9 0 12 3 5 3 5 7 8 5 5 5 5 5 5 5
1 9 720
#s 11 3 3 6 4 6 7 5 6 14 5 23 2 5 8 5
1 11 432
0
#s 2 0 2 0 4 5 5 5 5 5 5 5 5 5 5 5
#s 14 0 1 0 3 5 5 5 5 14 5 5 3 5 5 4
2 2 286 14 111
#s 7 16 10 2 5 5 5 18 5 5 6 5 5 3 5 8
#s 17 5 15 7 16 8 7 7 14 6 2 12 3 17 13 4
2 17 685 7 743
#s 19 0 0 2 5 5 5 5 3 5 5 3 5 6 5 4
1 19 526
0
#s 3 2 2 4 9 6 10 6 5 5 6 5 6 5 5 5
1 3 749
#s 18 5 7 8 6 5 5 5 5 5 5 5 2 5 14 5
1 18 259
0
#s 20 8 8 14 10 7 5 2 5 5 5 8 5 5 5 5
1 20 500
#s 6 9 5 8 9 6 5 3 5 5 5 5 5 5 8 5
1 6 162
#s 10 15 16 10 13 8 9 14 7 5 5 18 7 5 6 13
#s 13 17 14 7 7 13 14 15 11 6 10 5 5 7 10 5
2 13 349 10 495
0
#s 10 15 16 10 13 8 9 14 7 5 5 18 7 5 6 13
1 10 649
#s 17 4 15 7 16 8 7 7 14 6 2 12 3 17 13 4
1 17 703
#s 12 11 13 5 0 5 5 5 4 5 5 5 5 5 5 5
1 12 143
0
0
#s 10 15 16 10 13 8 9 14 7 5 5 18 7 5 6 13
1 10 569
0
0
#s 6 9 5 8 9 6 8 3 5 5 5 5 5 5 8 5
1 6 8
#s 17 4 15 7 16 8 7 7 14 6 2 12 3 17 13 4
1 17 755
#s 18 7 7 8 6 5 5 5 5 5 5 10 2 5 14 5
1 18 312
#s 2 0 2 0 4 5 5 5 5 5 5 5 5 5 5 5
#s 4 8 15 6 7 5 11 5 6 6 5 5 5 6 4 4
#s 16 3 3 2 5 0 3 2 5 5 5 4 5 6 1 5
3 4 288 2 57 16 95
#s 1 3 13 0 5 5 10 5 5 5 4 8 5 4 6 5
#s 4 8 15 6 7 5 11 5 6 6 5 5 5 6 4 12
2 4 326 1 110
#s 5 9 2 5 5 5 5 4 5 4 5 5 5 2 5 1
#s 7 18 10 2 5 5 5 18 5 5 6 5 3 3 5 8
#s 20 8 7 14 10 8 5 2 6 9 25 8 5 5 5 5
3 20 581 7 113 5 5
#s 9 0 12 3 5 3 5 7 8 5 5 5 5 5 5 10
1 9 538
#s 11 3 3 6 4 6 7 9 6 14 5 23 2 5 8 5
1 11 497
0
#s 15 1 0 5 8 5 5 0 0 5 5 5 3 5 5 5
1 15 449
0
0
0
0
#s 7 17 10 2 5 6 5 18 5 10 6 5 3 3 5 8
1 7 124
0
0
0
0
#s 14 0 3 0 3 5 6 5 5 14 5 5 3 5 5 4
1 14 137
#s 3 2 2 4 9 6 10 8 5 5 6 5 6 5 5 5
#s 14 0 4 0 3 6 7 4 5 14 5 5 3 5 5 4
#s 16 3 3 2 6 0 3 2 5 5 5 4 5 6 1 5
3 3 644 14 622 16 546
0
0
#s 6 9 5 8 9 6 8 3 5 5 5 5 5 5 8 5
#s 10 15 16 10 13 8 9 14 7 5 5 18 7 5 6 13
2 10 576 6 615
0
#s 4 8 15 6 7 5 11 5 6 6 5 5 6 6 4 12
#s 13 17 14 7 7 13 14 15 11 6 10 5 5 7 10 5
2 13 370 4 422
0
#s 3 2 2 4 9 6 10 8 5 5 6 5 6 5 5 5
#s 6 9 11 8 9 6 8 3 5 5 5 5 5 5 8 5
#s 17 4 15 7 16 8 5 7 14 6 2 12 3 17 13 4
3 17 776 3 609 6 177
#s 17 4 15 7 16 8 5 7 14 6 2 12 3 17 13 4
1 17 790
#s 7 17 10 2 5 6 5 18 5 12 6 5 3 3 5 8
1 7 178
#s 4 8 15 6 7 5 11 5 6 6 5 5 6 6 4 12
#s 12 11 13 5 0 5 5 5 4 5 5 5 5 5 5 5
2 4 689 12 147
#s 4 8 15 6 7 5 11 5 6 6 5 5 6 6 4 12
#s 10 15 16 10 13 13 9 14 7 5 5 18 7 5 6 13
#s 11 3 3 7 4 14 12 9 6 14 4 23 2 5 8 5
#s 18 7 7 8 6 5 5 5 5 5 5 26 2 5 14 5
4 10 408 4 548 11 305 18 670
#s 10 15 16 10 13 13 9 14 7 5 5 18 7 5 6 13
#s 11 3 3 7 4 14 12 9 6 14 4 23 2 5 8 5
2 10 425 11 579
#s 10 15 16 7 13 13 8 14 7 11 5 18 7 5 6 13
1 10 433
0
#s 1 3 13 0 5 5 10 5 5 5 4 8 5 4 6 5
#s 6 9 11 8 9 6 8 3 5 5 5 7 5 5 8 5
2 6 114 1 748
#s 9 0 12 3 5 3 5 7 8 5 5 5 5 5 5 10
#s 13 17 14 7 7 13 14 15 11 6 10 5 5 7 10 5
2 13 456 9 406
#s 4 8 15 6 7 5 11 5 6 6 5 5 6 6 4 12
#s 20 8 7 14 9 10 5 3 6 9 25 8 5 5 5 5
2 20 656 4 614
0
0
#s 8 0 0 1 3 5 5 3 5 5 3 5 5 5 5 5
1 8 799
0
#s 13 17 14 7 7 13 14 15 11 6 10 5 5 7 10 5
1 13 515
#s 10 15 16 7 13 13 8 14 7 11 5 18 7 5 6 13
#s 19 0 0 2 5 6 5 5 3 5 5 3 15 6 5 4
2 10 520 19 510
#s 18 10 7 8 6 5 5 5 5 5 5 26 2 5 14 5
1 18 623
0
0
0
#s 3 2 4 4 9 6 12 8 5 5 6 5 6 5 5 5
#s 4 8 15 6 7 5 11 5 6 6 5 5 6 6 4 12
#s 10 15 16 7 13 13 8 14 7 11 5 18 7 5 6 13
#s 11 3 3 7 4 14 12 9 6 14 4 23 2 5 11 5
#s 17 4 15 7 16 8 5 7 14 6 2 12 3 17 13 4
5 4 617 10 632 17 602 3 480 11 128
#s 4 8 15 6 7 5 11 5 6 6 5 5 6 6 4 12
#s 8 0 0 1 3 5 5 3 5 5 3 5 5 5 5 5
#s 13 17 14 7 7 13 14 15 11 6 8 5 5 7 10 5
3 4 663 13 683 8 630
#s 4 8 15 6 7 5 11 5 6 6 5 5 6 6 4 12
#s 11 3 3 7 4 14 12 9 6 13 4 23 2 5 11 6
2 4 585 11 587
#s 20 15 7 14 9 10 5 3 6 9 25 8 5 5 5 5
1 20 686
#s 9 0 12 3 5 3 5 7 8 5 5 5 5 5 5 10
1 9 455
#s 5 9 2 5 5 5 5 4 5 4 5 5 5 2 13 1
1 5 31
0
#s 13 17 14 7 7 13 14 15 11 6 8 5 5 7 10 5
1 13 710
#s 19 0 0 2 5 6 5 5 2 5 5 3 16 6 5 4
1 19 606
#s 3 2 4 4 9 6 12 8 5 5 6 5 6 5 5 5
1 3 529
0
0
#s 6 9 11 8 15 6 8 3 5 5 5 7 5 5 8 5
1 6 199
#s 4 8 15 6 7 5 11 5 6 6 5 5 6 6 4 12
#s 10 15 16 7 13 13 8 14 7 11 5 18 7 5 6 13
2 10 234 4 566
#s 3 2 4 4 9 6 12 8 5 5 6 5 7 5 5 5
1 3 536
#s 12 11 13 5 0 5 5 5 4 5 5 5 5 5 5 5
#s 19 0 0 2 5 6 5 5 2 5 5 3 16 6 5 4
2 12 660 19 608
0
#s 13 17 14 7 7 13 14 15 11 6 8 5 5 7 10 5
1 13 207
#s 2 0 2 0 4 5 5 5 5 5 5 5 5 5 5 5
1 2 131
#s 1 3 14 0 5 5 10 4 5 5 4 8 5 4 6 5
1 1 768
0
#s 2 0 2 0 4 5 5 5 5 5 5 5 5 5 5 5
#s 4 7 15 7 3 5 11 5 6 6 5 5 6 6 4 12
#s 17 4 15 7 16 8 5 7 14 6 2 12 3 17 13 4
3 4 641 17 311 2 728
0
#s 14 0 4 0 3 6 12 4 5 19 5 5 3 5 5 4
1 14 215
0
#s 5 9 2 5 5 5 5 4 5 4 5 5 5 2 13 1
#s 7 17 10 2 5 6 5 18 5 12 6 5 3 3 5 8
2 7 185 5 787
#s 7 17 10 2 5 6 5 18 5 12 6 5 3 3 5 8
1 7 650
#s 16 3 4 3 6 0 3 2 5 5 5 4 5 6 1 5
1 16 627
0
#s 4 7 15 7 3 5 11 5 5 6 5 5 6 6 4 12
1 4 224
#s 8 0 0 1 3 5 5 3 5 4 3 5 5 5 5 5
1 8 699
0
0
#s 13 17 14 7 7 13 14 15 11 11 8 5 5 7 10 5
1 13 723
#s 18 10 7 8 6 5 5 5 5 5 5 26 2 5 14 5
1 18 634
#s 13 17 14 7 7 13 14 15 11 11 8 5 5 7 10 5
1 13 754
#s 3 2 4 4 7 6 14 8 5 5 12 5 7 5 5 5
#s 4 7 15 7 3 5 11 5 5 6 5 5 6 6 4 12
2 4 260 3 116
#s 6 9 11 8 15 6 8 3 5 5 5 7 5 5 8 5
#s 10 15 16 7 13 8 8 14 7 12 5 18 7 5 6 13
2 10 826 6 746
0
0
0
#s 6 9 11 8 15 7 8 3 5 5 5 7 5 5 8 5
#s 14 0 4 0 3 6 12 4 5 19 5 5 3 5 5 4
#s 16 3 4 3 6 0 3 2 5 5 5 4 5 6 1 5
3 6 240 14 366 16 739
#s 13 17 14 7 7 13 14 15 11 11 8 5 5 7 10 5
1 13 212
#s 7 17 10 2 5 6 5 18 5 12 6 5 3 3 5 8
#s 20 15 7 14 9 10 5 3 6 9 25 8 5 4 5 5
2 20 655 7 517
#s 11 3 3 7 4 14 15 9 6 13 4 23 2 5 11 6
1 11 645
#s 15 1 0 5 10 3 5 0 0 5 5 5 3 5 5 5
#s 18 10 7 8 6 5 5 5 5 5 5 26 2 5 14 5
2 18 494 15 666
0
0
0
0
#s 7 17 10 2 5 6 5 18 5 12 6 5 3 3 5 8
1 7 756
#s 17 4 15 9 16 8 5 7 14 6 2 14 3 17 13 4
1 17 325
#s 10 15 16 7 15 8 8 14 7 12 5 18 7 5 6 13
#s 12 11 13 5 0 5 5 5 4 5 5 5 5 5 5 5
2 10 750 12 52
0
#s 12 11 13 5 5 5 5 5 4 5 5 5 5 5 5 5
1 12 314
#s 16 3 4 3 6 0 3 2 5 5 5 4 5 6 1 5
1 16 834
0
#s 1 3 14 1 5 5 10 4 4 5 4 8 5 3 5 5
1 1 638
0
0
#s 8 0 0 1 4 5 5 3 16 4 3 5 5 5 5 5
1 8 764
0
0
#s 17 4 15 9 16 8 5 7 14 6 2 14 3 17 13 4
1 17 832
#s 3 2 4 4 7 6 14 8 5 5 12 5 7 5 5 5
#s 10 15 16 7 15 11 8 14 7 12 5 18 7 5 6 13
2 10 752 3 161
#s 10 15 16 7 15 11 8 14 7 12 5 18 7 5 6 13
1 10 804
#s 4 8 13 9 3 5 11 5 5 6 5 5 5 3 4 15
#s 7 17 10 2 5 6 5 18 5 12 6 5 3 3 5 8
#s 9 0 12 3 5 3 5 10 8 5 5 5 5 5 5 10
3 4 509 7 821 9 82
0
#s 13 17 14 7 7 13 14 15 11 11 8 5 5 7 10 5
1 13 888
#s 5 9 2 5 5 5 5 4 5 7 5 5 5 3 13 1
#s 13 17 14 7 7 13 14 15 11 11 8 5 5 7 10 5
#s 16 2 4 3 6 0 3 2 5 6 5 4 5 6 1 5
3 13 845 5 757 16 742
#s 2 0 2 1 10 5 4 5 4 3 5 5 7 5 5 5
1 2 770
0
0
#s 6 9 19 8 15 7 8 3 5 7 5 7 5 5 8 5
#s 15 1 0 5 10 3 5 0 0 5 5 5 3 5 5 5
#s 17 4 15 9 16 8 5 7 14 6 2 14 3 17 13 4
3 6 256 17 903 15 745
0
#s 13 17 14 7 7 13 14 15 11 11 8 5 5 7 10 5
1 13 793
#s 13 16 10 6 7 13 14 17 11 11 8 14 5 5 11 5
1 13 681
0
0
#s 3 2 4 4 7 6 14 8 5 5 12 5 7 5 5 5
#s 13 16 10 6 7 13 14 17 11 11 9 14 4 5 11 5
2 13 744 3 580
#s 6 9 19 8 15 7 8 3 5 7 5 7 5 5 8 5
1 6 293
#s 4 8 13 9 3 5 11 5 5 6 5 5 5 3 4 15
#s 20 15 8 14 5 11 5 3 6 9 25 8 5 3 5 6
2 20 547 4 791
#s 19 0 0 2 5 6 11 5 2 5 5 3 16 6 5 4
1 19 702
0
#s 4 8 13 9 3 5 11 5 5 6 5 5 5 3 4 15
#s 7 17 10 2 5 6 5 18 5 12 6 5 3 3 5 8
2 4 402 7 646
#s 13 16 10 6 7 13 14 17 11 11 9 14 4 5 11 5
1 13 864
0
0
#s 6 9 19 8 15 7 8 3 5 7 5 7 5 5 8 5
1 6 282
0
0
#s 5 9 2 5 5 5 5 4 5 7 5 5 5 3 13 1
1 5 145
0
#s 10 15 16 7 15 11 8 14 7 12 5 18 7 5 6 13
#s 16 2 4 3 10 0 3 2 5 4 7 4 5 8 1 5
2 10 570 16 396
#s 3 2 4 4 4 6 17 8 5 5 12 5 7 5 5 5
1 3 127
#s 11 3 3 7 4 14 15 9 6 13 4 23 2 5 11 6
#s 14 0 4 0 3 6 12 2 5 21 5 5 3 5 5 4
2 11 735 14 541
0
#s 8 0 0 1 4 5 5 3 16 4 3 5 5 5 5 5
#s 10 15 16 7 15 11 8 14 7 12 5 18 7 5 6 13
2 10 767 8 107
#s 17 4 15 9 16 8 5 7 14 6 2 14 3 17 13 4
1 17 841
#s 13 16 10 6 7 13 14 17 11 11 9 14 4 5 11 5
#s 18 10 7 2 5 14 5 5 5 5 5 26 2 9 16 3
2 13 498 18 553
0
0
#s 6 9 19 8 15 7 8 3 5 7 5 7 5 5 8 5
#s 10 15 16 6 15 12 7 14 7 12 5 18 8 5 6 13
2 6 89 10 887
0
#s 18 10 7 2 5 14 5 5 5 5 5 26 2 9 16 3
1 18 578
0
#s 1 3 14 1 5 5 10 4 4 5 4 8 5 3 5 5
#s 7 17 10 2 5 6 5 18 5 12 6 5 3 3 5 8
#s 8 0 0 1 4 5 5 3 16 4 3 5 5 5 5 5
3 1 653 7 853 8 654
0
0
#s 13 16 10 6 7 13 14 17 11 11 9 14 4 5 11 5
1 13 54
#s 12 10 12 6 5 5 5 5 5 5 5 5 5 5 5 5
1 12 392
0
#s 6 9 19 8 15 7 8 3 5 7 5 7 5 5 8 5
1 6 173
#s 2 0 4 16 10 1 4 5 4 3 5 5 7 7 5 5
#s 17 4 15 9 16 8 5 7 14 6 2 14 3 17 13 4
2 17 361 2 813
0
#s 20 15 11 14 5 11 5 3 6 9 25 8 5 3 5 6
1 20 558
0
#s 13 16 10 6 7 13 14 17 11 11 9 14 4 5 11 5
1 13 169
#s 13 16 10 6 7 13 14 17 11 11 9 14 4 5 11 5
#s 18 10 7 2 5 14 6 5 5 6 4 25 2 10 16 2
2 13 597 18 846
#s 13 16 10 6 7 13 14 17 11 11 9 14 4 5 11 5
1 13 687
0
#s 11 3 3 7 4 14 15 9 6 13 4 23 2 5 11 6
1 11 765
#s 4 8 13 9 3 5 11 5 5 6 5 5 5 3 4 15
#s 19 0 0 2 5 6 11 5 2 5 5 3 16 6 5 4
#s 20 15 11 14 5 11 5 3 6 9 25 8 5 3 5 6
3 20 631 4 194 19 729
0
0
#s 15 1 0 5 10 3 5 0 0 4 5 5 3 5 5 5
1 15 783
#s 9 0 12 3 5 3 5 10 8 5 5 5 5 5 5 10
1 9 160
#s 20 15 11 14 5 11 5 3 6 9 25 8 5 3 5 6
1 20 680
0
0
0
0
#s 3 2 14 4 4 6 17 8 5 5 14 5 7 5 5 5
#s 10 15 16 6 15 12 7 14 7 12 5 18 8 5 6 13
2 10 796 3 268
0
#s 12 10 12 6 5 5 5 5 5 5 4 5 5 5 5 5
1 12 459
0
#s 2 0 4 16 10 1 4 5 4 2 5 5 7 7 5 5
1 2 808
0
#s 6 9 19 8 15 7 9 4 5 7 4 7 5 5 8 5
1 6 435
0
0
0
#s 13 16 10 6 7 13 14 17 11 11 9 22 4 5 11 5
1 13 786
0
#s 1 3 14 1 5 5 7 4 4 5 4 8 5 3 5 5
#s 20 15 11 14 5 11 5 3 6 9 25 8 5 3 5 6
2 20 691 1 6
0
0
#s 10 15 16 6 15 12 7 14 7 12 5 18 8 5 6 13
1 10 732
#s 5 9 8 1 5 5 5 4 5 7 5 12 5 3 13 1
#s 14 0 4 0 3 6 12 2 5 21 5 5 3 5 5 4
2 5 181 14 838
#s 2 0 4 16 10 1 4 5 4 2 5 5 7 7 5 5
#s 4 8 13 9 3 5 11 5 5 6 5 5 5 3 4 15
#s 16 2 6 4 10 0 3 2 5 4 7 4 5 8 1 5
3 4 399 2 367 16 220
#s 8 0 0 1 5 5 5 3 16 2 3 6 5 5 5 5
#s 17 4 15 9 16 8 5 7 14 6 2 14 3 17 13 4
2 17 726 8 830
0
#s 7 17 10 2 5 6 5 18 5 12 6 5 3 3 5 8
1 7 730
0
#s 6 9 19 8 15 7 9 4 5 7 4 7 5 5 8 5
1 6 35
0
0
0
0
#s 10 15 16 6 15 12 7 14 7 12 5 18 8 5 6 13
#s 12 10 12 6 5 5 5 5 5 5 4 5 5 5 5 5
2 10 761 12 309
#s 8 0 0 1 5 5 5 3 16 2 3 6 5 5 5 5
1 8 865
0
#s 9 0 12 2 6 5 5 10 8 5 5 5 5 5 4 10
1 9 371
#s 20 15 11 14 5 11 5 3 6 9 25 8 5 3 5 6
1 20 697
#s 17 4 15 9 16 8 5 7 14 6 2 14 3 17 13 4
1 17 414
#s 11 3 3 7 4 14 15 9 6 12 4 23 2 5 11 8
#s 17 4 15 9 16 8 5 7 14 6 2 14 3 17 13 4
2 11 923 17 852
#s 17 4 15 9 16 8 5 7 14 6 2 14 3 17 13 4
1 17 599
0
#s 10 15 16 6 15 12 7 14 7 12 5 18 8 5 6 13
#s 18 10 7 2 5 14 6 5 5 6 4 25 2 10 16 2
2 10 413 18 232
0
0
#s 18 10 7 2 5 14 6 5 5 6 4 25 2 10 16 2
1 18 896
#s 3 2 14 4 4 6 17 8 5 5 14 5 7 5 5 5
#s 8 0 0 1 5 5 5 3 16 2 3 6 5 5 5 5
2 3 574 8 55
0
0
#s 4 7 13 9 3 6 11 5 5 6 5 5 7 3 4 15
#s 12 10 14 6 5 5 5 5 5 5 4 3 5 5 5 5
#s 13 17 10 5 7 13 12 17 11 11 9 22 6 5 11 5
#s 19 0 0 2 5 8 11 5 2 5 5 3 14 6 5 4
4 4 815 13 662 12 805 19 938
#s 7 17 10 2 5 6 5 18 5 15 6 5 3 3 5 8
1 7 297
0
0
0
#s 8 0 0 1 5 5 5 4 16 2 3 7 5 5 4 5
1 8 475
0
#s 4 7 13 9 3 6 11 5 5 6 5 5 7 3 4 15
1 4 867
#s 18 10 7 2 5 14 6 5 5 5 4 25 2 10 17 2
1 18 886
0
#s 6 9 19 8 15 7 9 4 4 7 4 8 5 5 8 5
#s 13 18 10 4 7 13 12 18 11 11 9 22 6 5 11 5
2 13 269 6 403
0
0
#s 11 3 3 7 4 14 15 9 6 12 4 23 2 5 11 8
1 11 2
0
#s 5 9 9 1 5 5 5 5 5 14 4 12 5 3 13 1
#s 14 0 4 0 3 6 12 2 5 21 5 5 3 5 5 4
2 5 753 14 840
#s 1 3 14 1 5 5 7 4 4 5 4 8 5 3 5 5
1 1 285
0
0
#s 12 8 14 8 5 5 5 5 5 5 4 3 5 5 5 5
#s 14 0 4 0 3 6 12 2 5 21 5 5 3 5 5 4
2 12 820 14 26
0
#s 13 18 10 4 7 13 12 18 11 11 9 22 6 5 11 5
1 13 824
#s 10 15 16 6 15 12 7 14 7 12 5 18 8 5 6 13
#s 15 1 0 5 10 3 5 0 0 4 5 5 3 5 5 5
2 10 537 15 866
0
#s 2 0 4 16 10 1 4 5 4 2 5 5 7 7 5 5
#s 14 0 4 0 3 6 12 2 5 21 5 5 3 5 5 4
2 2 248 14 849
#s 10 15 16 6 15 12 7 14 7 12 5 18 8 5 6 13
1 10 281
#s 3 2 14 4 4 6 17 8 5 5 14 5 7 5 5 5
#s 9 0 12 2 6 5 5 10 8 5 5 5 5 4 4 4
2 3 300 9 299
#s 17 4 15 9 16 8 5 7 14 6 2 14 3 17 13 4
1 17 29
#s 19 0 0 2 5 8 11 5 2 5 5 3 14 6 5 4
1 19 387
0
#s 10 15 16 6 15 12 7 14 7 12 5 18 8 5 6 13
1 10 216
0
#s 12 8 14 8 5 5 5 5 5 5 4 3 5 5 5 5
#s 16 2 15 4 10 0 3 2 5 4 7 4 5 8 1 5
2 12 45 16 882
#s 11 3 3 7 4 14 15 9 6 12 4 23 2 5 11 8
1 11 102
#s 4 7 11 9 3 8 9 5 5 6 5 5 7 3 4 15
1 4 797
#s 7 17 10 2 5 6 5 18 5 15 6 5 3 3 5 8
#s 10 15 16 6 15 12 7 14 7 12 5 18 8 5 6 13
#s 15 1 0 5 10 3 5 0 0 4 5 5 3 5 5 5
3 10 785 7 328 15 50
#s 19 0 0 1 5 9 11 5 2 5 6 3 14 6 5 4
1 19 228
#s 13 18 10 4 7 13 12 18 11 11 9 22 6 5 11 5
1 13 223
#s 18 10 7 2 5 14 6 5 5 5 4 25 2 10 17 2
1 18 794
#s 17 4 15 9 16 8 5 7 14 6 2 14 3 17 13 4
#s 20 15 11 14 5 11 5 2 6 8 25 8 5 3 5 6
2 17 766 20 737
0
#s 10 15 15 6 15 12 7 14 7 12 6 17 8 4 6 13
1 10 659
#s 16 2 15 4 10 0 3 2 5 4 7 4 5 8 1 5
1 16 211
0
0
0
#s 13 18 10 4 7 13 12 18 11 11 9 22 6 5 11 5
1 13 708
#s 3 1 14 4 4 6 17 9 5 5 14 5 7 5 5 5
#s 7 17 10 2 5 6 5 18 5 15 6 5 3 3 5 8
2 7 869 3 283
#s 20 15 11 14 5 11 5 2 6 8 25 8 5 3 5 6
1 20 4
#s 5 9 8 1 4 5 7 5 5 14 4 14 5 3 13 1
#s 10 15 15 6 15 12 7 14 7 12 6 17 8 4 6 13
2 10 584 5 91
#s 6 9 19 8 15 7 9 4 4 7 4 8 5 5 8 5
#s 10 15 15 6 15 12 7 14 7 12 6 17 8 4 6 13
2 6 368 10 957
#s 1 3 14 1 5 5 7 4 4 5 4 8 5 3 5 5
1 1 180
#s 6 9 19 8 15 7 9 4 4 7 4 8 5 5 8 5
#s 13 18 10 4 7 13 12 18 11 11 9 22 6 5 11 5
2 13 880 6 876
#s 18 10 7 2 5 14 6 5 5 5 4 25 2 10 17 2
1 18 287
#s 10 15 15 6 15 12 7 14 7 12 6 17 8 4 6 13
1 10 390
#s 10 15 15 6 15 12 7 14 7 12 6 17 8 4 6 13
1 10 322
#s 4 7 11 9 3 8 9 5 5 6 5 5 7 3 4 15
1 4 628
#s 12 8 14 8 5 5 5 5 5 5 4 3 5 5 5 5
1 12 491
#s 6 9 19 8 15 7 9 4 4 7 4 8 5 5 8 5
1 6 405
0
#s 1 3 13 2 5 5 7 4 4 5 4 8 5 3 5 5
#s 10 15 15 6 15 12 7 14 7 12 6 17 8 4 6 13
2 10 218 1 736
#s 13 18 10 4 7 13 12 18 11 11 9 22 6 5 11 5
1 13 673
#s 14 0 4 0 3 6 12 2 5 21 5 5 3 5 5 4
1 14 203
0
0
#s 6 9 19 10 15 7 9 4 4 7 4 8 5 5 8 5
1 6 117
0
0
0
#s 3 1 14 4 4 6 17 9 5 5 14 5 7 5 5 5
#s 20 15 11 14 4 11 5 2 6 9 25 8 5 3 5 7
2 3 802 20 539
#s 20 16 11 14 4 11 4 1 6 9 25 8 6 3 5 9
1 20 618
#s 8 0 0 1 5 5 5 4 16 2 3 7 5 5 4 5
1 8 338
#s 2 0 4 16 10 1 4 6 4 2 4 5 7 7 4 5
#s 3 1 14 4 4 6 17 9 5 5 14 5 7 5 5 5
#s 5 9 8 1 4 5 7 5 5 14 4 14 5 3 13 1
3 3 275 5 122 2 825
#s 9 0 12 3 6 11 5 10 2 5 5 5 5 4 4 3
1 9 925
0
#s 19 0 0 1 5 9 11 5 2 5 6 3 14 6 5 4
1 19 782
#s 11 3 3 7 4 14 15 9 6 12 4 23 2 5 11 8
#s 12 3 14 10 4 5 9 5 5 5 4 3 6 8 5 5
#s 17 4 15 9 16 8 5 7 14 6 2 14 3 17 13 4
3 11 771 12 421 17 924
0
0
#s 13 18 10 4 7 13 10 18 11 11 9 22 6 5 13 5
1 13 394
#s 13 18 10 4 7 13 10 18 11 11 9 22 6 5 13 5
1 13 302
#s 1 3 13 2 5 5 7 4 4 5 4 8 5 3 5 5
#s 13 18 10 4 7 13 10 18 11 11 9 22 6 5 13 5
2 13 331 1 847
#s 4 7 11 9 3 8 9 5 5 6 5 5 7 3 4 15
1 4 669
#s 10 15 15 6 15 10 7 14 7 12 6 17 8 4 6 13
1 10 668
0
#s 10 15 15 6 15 10 7 14 7 12 6 17 8 4 6 13
1 10 351
#s 5 9 8 1 4 5 7 5 5 14 4 14 5 3 13 1
#s 10 15 15 6 15 10 7 14 7 12 6 17 8 4 6 13
2 10 466 5 109
#s 13 16 10 4 9 13 10 18 11 11 9 22 6 5 13 5
#s 17 2 15 8 16 10 4 7 14 7 2 14 4 17 13 5
2 13 914 17 243
#s 18 10 7 2 5 16 6 6 5 5 4 25 2 10 17 2
1 18 10
#s 7 17 10 2 5 6 5 18 5 15 6 5 3 3 5 8
#s 16 2 15 4 10 0 3 2 5 4 7 4 5 8 1 5
2 7 860 16 523
0
0
#s 19 0 0 1 5 9 11 5 2 5 6 3 14 6 5 4
1 19 897
0
0
#s 11 3 3 7 4 14 15 9 6 12 4 23 2 5 11 8
#s 15 1 0 5 10 3 5 0 0 4 5 5 3 5 5 5
2 11 759 15 355
#s 10 15 15 6 15 10 7 14 7 12 6 17 8 4 6 13
1 10 200
#s 10 15 15 6 15 10 7 14 7 12 6 17 8 4 6 13
#s 13 16 10 4 9 13 10 18 11 11 9 22 6 5 13 5
2 10 889 13 909
0
#s 10 15 15 6 15 10 7 14 7 12 6 17 8 4 6 13
1 10 478
#s 6 9 19 10 17 7 9 4 4 7 4 8 5 5 8 5
1 6 827
#s 12 2 12 10 4 5 10 5 6 5 4 3 6 8 5 7
1 12 332
0
#s 18 10 7 2 5 16 6 6 5 5 4 25 2 10 17 2
1 18 316
#s 8 0 0 1 5 6 4 4 16 2 3 7 5 5 4 5
1 8 837
#s 3 1 14 4 4 6 17 9 5 5 14 5 7 5 5 5
#s 15 1 0 5 10 3 5 0 0 4 5 5 3 5 5 5
2 3 956 15 118
#s 5 9 8 1 4 5 7 5 5 14 4 14 5 3 13 1
#s 6 9 19 10 17 7 9 4 4 7 4 8 5 5 8 5
2 6 66 5 193
#s 12 2 11 10 4 6 10 5 6 5 7 3 6 8 5 7
1 12 227
#s 10 15 15 6 15 10 7 14 7 12 6 17 8 4 6 13
1 10 14
#s 10 15 15 6 15 10 7 14 7 12 6 17 8 4 6 13
1 10 958
#s 20 16 11 14 4 11 4 1 6 9 25 8 6 3 5 9
1 20 800
#s 10 15 15 6 15 10 7 14 7 12 6 17 8 4 6 13
1 10 657
#s 13 16 9 2 10 13 8 20 11 11 10 22 7 5 13 6
1 13 906
#s 10 15 15 6 15 10 7 14 7 12 6 17 8 4 6 13
1 10 195
#s 10 15 15 6 15 10 7 14 7 12 6 17 8 4 6 13
#s 14 0 4 0 3 6 12 2 5 21 5 5 3 5 5 4
2 10 727 14 74
#s 17 2 15 7 16 10 4 6 14 6 2 12 3 17 14 10
1 17 512
0
#s 6 9 19 10 17 7 9 4 4 7 4 8 5 5 8 5
1 6 454
#s 12 2 11 10 4 6 10 5 6 5 7 3 6 8 5 7
1 12 784
#s 3 1 14 3 4 6 18 10 5 5 14 5 10 5 5 5
1 3 613
#s 2 0 5 22 11 1 4 6 4 2 4 5 7 7 4 5
#s 7 17 10 2 5 6 5 18 5 21 6 5 3 3 5 8
2 7 389 2 18
#s 9 0 12 3 6 11 5 10 2 5 5 5 5 4 4 3
#s 14 1 3 0 3 9 12 2 5 21 7 3 3 5 5 5
2 9 179 14 22
0
#s 9 0 12 3 6 11 5 10 2 5 5 5 5 6 4 3
1 9 267
0
#s 2 0 4 22 11 1 4 7 4 2 1 5 7 7 4 5
1 2 733
#s 4 7 11 9 3 8 9 5 5 6 5 5 7 3 4 15
#s 18 10 7 2 5 16 6 9 5 5 4 25 2 10 17 2
2 4 253 18 839
#s 1 3 13 3 5 3 7 5 5 5 4 8 5 3 5 5
1 1 762
0
#s 10 15 15 6 20 10 7 14 7 12 6 17 8 4 6 13
1 10 692
#s 10 15 15 6 20 10 7 14 7 12 6 17 8 4 6 13
1 10 75
#s 17 2 15 7 16 10 4 6 14 6 2 12 3 17 14 10
1 17 519
0
#s 16 2 16 3 10 0 3 2 5 4 7 4 5 8 1 5
1 16 242
0
0
0
#s 13 18 9 2 11 13 9 20 6 11 10 21 7 5 16 6
1 13 740
#s 5 9 8 1 4 5 7 5 5 14 4 14 5 3 13 1
1 5 327
0
#s 13 18 9 2 11 13 9 20 6 11 10 21 7 5 16 6
1 13 942
#s 1 3 13 4 5 2 7 5 5 5 4 8 5 3 6 5
#s 7 17 10 2 5 6 5 18 5 21 6 5 3 3 5 8
2 7 476 1 972
#s 9 0 12 3 6 11 5 10 2 5 5 5 5 6 4 3
1 9 858
#s 17 2 15 7 16 10 4 6 14 6 2 12 3 17 14 10
1 17 477
#s 11 3 3 7 4 14 15 9 6 12 4 23 2 5 11 8
1 11 487
#s 13 18 9 2 11 13 9 20 6 11 10 21 7 5 16 6
#s 14 1 3 0 3 9 12 2 5 21 7 3 3 5 5 5
2 13 777 14 83
#s 2 0 4 22 11 1 4 7 4 2 1 5 7 7 4 5
#s 19 0 0 1 5 9 11 5 2 5 6 3 14 6 5 4
2 19 444 2 718
#s 10 15 15 6 20 10 7 14 7 12 6 17 8 4 6 13
1 10 333
#s 16 2 16 3 10 0 3 2 5 4 7 4 5 8 1 5
1 16 616
0
#s 8 0 0 1 5 7 4 4 16 2 4 7 5 4 4 5
#s 20 16 11 14 4 11 4 1 6 9 25 8 6 3 5 9
2 20 481 8 639
#s 12 2 11 10 4 6 10 5 6 5 7 3 6 8 5 7
1 12 135
0
#s 16 2 16 3 10 0 3 2 5 4 7 4 5 8 1 5
1 16 11
0
#s 18 10 7 2 5 16 6 9 5 5 4 25 2 10 17 2
1 18 831
#s 4 7 11 9 3 8 9 5 5 6 5 5 7 3 4 15
#s 14 1 3 0 3 9 12 2 5 21 7 3 3 5 5 5
2 4 53 14 855
0
#s 20 16 11 14 4 11 4 1 6 9 25 8 6 3 5 9
1 20 86
#s 6 9 19 10 17 7 9 4 4 7 4 8 5 5 8 5
#s 20 16 11 14 4 11 4 1 6 9 25 8 6 3 5 9
2 20 604 6 530
0
0
#s 18 10 7 2 5 16 6 9 5 5 4 25 2 10 17 2
1 18 149
#s 10 15 15 6 20 10 7 14 7 12 6 17 8 4 6 13
1 10 119
#s 1 3 13 4 5 2 7 5 5 5 4 8 5 3 6 5
1 1 291
0
#s 10 16 15 6 20 10 7 14 7 12 6 17 8 4 6 13
#s 14 1 3 0 3 9 12 2 5 21 7 3 3 5 5 5
2 10 915 14 330
#s 2 0 4 22 11 1 4 7 4 2 1 5 7 7 4 5
#s 6 9 19 10 17 7 9 4 4 7 4 8 5 5 8 5
#s 8 0 0 1 5 7 4 4 16 2 4 7 5 4 4 5
#s 15 1 0 5 11 3 5 0 0 4 5 5 3 5 5 5
4 6 123 2 895 8 571 15 976
#s 3 1 14 3 4 6 18 10 5 5 14 5 10 5 5 5
1 3 911
#s 13 18 9 2 11 13 9 20 6 11 10 21 7 5 16 6
1 13 419
0
0
#s 7 16 8 2 5 6 5 17 8 21 5 5 3 3 5 8
1 7 37
#s 1 3 13 4 5 2 7 5 5 5 4 8 5 3 6 5
#s 11 3 3 7 4 14 15 9 6 12 4 23 2 5 11 8
#s 19 0 0 1 5 9 11 5 2 5 6 3 14 6 5 4
3 11 931 1 701 19 157
#s 5 9 8 1 4 5 7 5 5 14 4 14 5 3 13 1
1 5 51
#s 17 2 15 7 16 10 4 6 14 6 2 12 3 17 14 10
1 17 921
0
#s 2 0 4 22 11 1 4 7 4 2 1 5 7 7 4 5
1 2 932
0
#s 3 1 14 3 4 5 18 10 5 6 14 5 10 5 5 5
1 3 854
#s 18 10 7 2 5 16 6 9 5 5 4 25 2 10 17 2
1 18 483
#s 6 9 19 10 17 7 9 4 4 7 4 8 5 5 8 5
#s 19 0 0 1 5 9 11 5 2 5 6 3 14 6 5 4
2 6 397 19 73
#s 17 2 15 7 16 10 4 6 14 6 2 12 3 17 14 10
1 17 153
0
#s 10 17 18 7 20 10 9 14 4 12 8 15 12 4 6 13
#s 18 10 7 2 5 16 6 9 5 5 4 25 2 10 17 2
2 10 47 18 25
0
#s 14 1 3 0 3 9 12 2 5 21 7 3 3 5 5 5
#s 20 16 11 14 4 11 4 1 6 9 25 8 6 3 5 9
2 20 979 14 721
0
0
0
#s 11 3 3 7 4 14 14 9 7 11 4 23 2 5 11 8
#s 13 18 9 1 12 13 6 20 6 10 10 20 7 5 16 13
2 13 705 11 598
#s 19 0 0 1 5 9 11 5 2 5 6 3 14 6 5 4
1 19 307
0
0
#s 12 2 11 10 4 6 10 5 6 5 7 3 6 8 5 7
#s 16 2 16 3 10 0 3 2 5 4 7 4 5 8 1 5
2 12 345 16 301
#s 3 1 14 3 4 5 18 10 5 6 14 5 10 5 5 5
#s 10 17 18 7 20 10 9 14 4 12 8 14 12 4 6 13
#s 11 3 3 7 4 14 14 9 7 11 4 23 2 5 11 8
3 10 271 11 870 3 778
#s 6 9 19 10 17 7 9 4 4 7 4 8 5 5 8 5
1 6 350
#s 14 1 3 0 3 9 12 2 5 21 7 3 3 5 5 5
1 14 907
#s 1 3 13 4 5 2 7 5 5 5 4 8 5 3 6 5
1 1 894
#s 11 3 3 7 4 14 14 9 7 11 4 23 2 5 11 8
1 11 398
#s 13 18 9 1 12 13 6 20 6 10 10 20 7 5 16 13
1 13 583
0
0
0
#s 4 7 11 9 3 8 9 5 5 6 5 5 7 3 4 15
1 4 412
#s 10 17 18 7 20 10 9 14 4 12 8 14 12 4 6 13
#s 17 2 15 7 16 10 4 6 14 6 2 12 3 17 14 10
2 10 760 17 933
0
0
#s 7 16 8 2 5 6 5 17 8 21 5 5 3 3 5 8
1 7 696
#s 9 0 12 3 6 12 5 10 1 5 5 5 5 6 4 3
#s 13 18 9 1 12 13 6 20 6 10 10 20 7 5 16 13
2 13 781 9 625
0
0
#s 20 16 11 14 4 11 4 1 6 9 25 8 6 3 5 9
1 20 196
#s 13 18 9 1 12 13 6 20 6 10 10 20 7 5 16 13
1 13 879
#s 11 3 3 7 4 14 14 9 7 11 4 23 2 5 11 8
1 11 92
0
#s 5 9 8 1 4 5 7 5 5 14 4 14 5 3 13 1
#s 6 9 19 10 17 7 9 4 4 7 4 8 5 5 8 5
2 6 817 5 704
0
#s 2 0 4 22 11 1 4 7 4 2 1 5 7 7 4 5
1 2 658
#s 17 2 15 7 16 10 4 6 14 6 2 12 3 17 14 10
1 17 146
#s 6 9 19 10 17 7 9 4 4 7 4 8 5 5 8 5
#s 18 10 7 2 5 16 6 9 5 5 4 24 2 11 17 2
2 18 411 6 828
#s 10 17 18 7 20 10 9 14 4 12 8 14 12 4 6 13
1 10 210
0
#s 15 1 0 5 11 2 5 0 0 4 5 5 3 6 5 5
1 15 789
0
0
#s 3 1 14 3 4 5 18 11 5 6 14 5 10 5 5 5
1 3 313
#s 16 1 16 3 9 0 3 2 5 4 7 5 5 8 1 6
1 16 163
#s 8 0 0 1 5 7 4 4 16 2 4 7 5 4 4 5
1 8 607
#s 10 17 18 7 20 10 9 14 4 12 8 14 12 4 6 13
1 10 264
0
0
#s 10 17 18 7 20 10 10 14 4 12 9 14 12 4 5 13
#s 14 1 3 0 3 9 12 2 5 21 7 3 3 5 5 5
2 10 222 14 698
#s 10 17 18 7 20 10 10 14 4 12 9 14 12 4 5 13
#s 13 18 9 1 12 13 6 20 6 10 10 20 7 5 17 13
#s 20 16 11 14 4 11 4 1 6 9 25 8 6 3 5 9
3 13 929 10 811 20 763
#s 10 17 18 7 20 10 10 14 4 12 9 14 12 4 5 13
1 10 60
#s 19 0 0 1 5 9 11 5 2 5 6 3 14 6 5 4
1 19 19
0
#s 6 9 19 10 17 7 9 4 4 7 4 8 5 5 8 5
1 6 835
#s 4 7 11 9 3 8 9 5 5 6 5 5 7 3 4 15
#s 7 16 8 2 5 6 5 17 8 23 5 5 3 3 5 8
#s 17 2 15 7 16 10 4 6 14 6 2 12 3 17 14 10
3 17 795 4 289 7 76
0
#s 5 9 8 1 4 5 7 5 5 14 4 14 5 3 13 1
#s 20 17 11 14 3 12 4 1 7 9 25 8 7 3 4 9
2 20 920 5 643
#s 10 17 18 6 20 10 10 14 4 12 10 14 13 4 5 12
1 10 563
0
0
#s 2 0 4 22 11 1 4 7 4 2 1 5 7 7 4 5
#s 10 17 18 6 20 10 10 14 4 12 10 14 13 4 5 12
#s 14 1 3 0 3 9 12 2 5 21 7 3 3 5 5 5
3 10 380 14 225 2 694
#s 4 7 11 9 3 8 9 5 5 6 5 5 7 3 4 15
#s 15 1 0 5 11 2 5 0 0 4 5 5 3 6 5 5
2 4 358 15 577
0
#s 4 7 11 9 3 8 9 5 5 6 5 5 7 3 4 15
1 4 695
#s 1 3 13 4 5 2 7 5 5 5 4 8 5 3 6 5
#s 12 2 11 10 4 6 10 5 6 5 7 3 6 8 5 7
2 12 61 1 898
#s 14 1 3 0 3 9 12 2 5 21 7 3 3 5 5 5
1 14 875
#s 6 9 19 10 17 7 9 4 4 7 4 8 5 5 8 5
1 6 878
0
#s 11 3 3 7 4 14 14 9 7 11 4 23 2 5 11 8
1 11 857
0
#s 6 8 19 10 16 7 9 4 4 8 4 9 5 5 8 5
1 6 803
#s 11 3 3 7 4 14 14 9 7 11 4 23 2 5 11 8
#s 12 2 11 10 4 6 10 5 6 5 7 3 6 8 5 7
2 12 966 11 375
0
0
#s 10 17 18 6 20 10 10 14 4 12 10 14 13 4 5 12
1 10 814
#s 10 17 18 6 20 10 10 14 4 12 10 14 13 4 5 12
1 10 20
#s 9 0 12 3 6 12 5 10 1 5 5 5 5 6 4 3
#s 10 17 18 6 20 10 10 14 4 12 10 14 13 4 5 12
#s 19 0 0 1 5 7 11 4 2 5 7 3 12 10 5 5
3 10 919 9 872 19 810
#s 20 17 11 14 3 12 4 1 7 9 25 8 7 3 4 9
1 20 154
0
#s 8 0 0 1 5 7 4 4 16 2 4 7 5 4 4 5
1 8 780
#s 13 18 9 1 12 13 6 20 6 10 10 20 7 5 17 13
#s 19 0 0 1 5 7 11 4 2 5 7 3 12 10 5 5
2 13 445 19 353
0
0
0
0
#s 13 18 9 1 12 13 6 20 6 10 10 20 7 5 17 13
#s 15 1 0 5 11 2 5 0 0 4 5 5 3 6 5 5
2 13 360 15 167
#s 5 9 8 1 4 5 7 5 5 14 4 14 5 3 13 1
#s 16 1 16 3 9 0 3 2 5 4 7 5 5 8 1 6
2 5 514 16 525
#s 18 9 8 2 4 16 7 9 5 6 4 24 2 11 16 2
1 18 440
#s 8 0 0 1 5 7 4 4 16 2 4 7 5 4 4 5
#s 9 0 12 3 6 12 5 10 1 5 5 5 5 6 4 3
#s 12 2 11 10 4 6 10 5 5 5 7 3 6 8 5 7
3 12 265 9 384 8 244
#s 10 17 18 6 20 10 10 14 4 12 10 14 13 4 5 12
1 10 848
0
#s 3 1 14 3 4 5 18 11 5 6 14 5 10 5 5 5
#s 11 3 3 7 4 14 14 8 7 11 4 23 2 5 11 8
2 3 372 11 172
#s 11 3 3 7 4 14 14 8 7 11 4 23 2 5 11 8
#s 17 2 15 7 16 10 4 6 14 6 2 12 3 17 14 10
2 11 642 17 276
0
0
0
0
0
#s 5 9 8 1 4 5 7 5 5 14 4 14 5 3 13 1
1 5 1000
0
#s 6 8 19 11 15 7 9 4 4 10 4 9 5 5 7 5
1 6 296
#s 13 18 9 1 12 13 6 20 6 10 10 20 7 5 17 13
1 13 156
0
0
0
0
#s 4 7 11 9 3 8 9 5 5 6 5 5 7 3 4 15
#s 11 3 3 7 4 14 14 8 7 11 4 23 2 5 11 8
#s 14 1 3 0 3 9 12 2 5 21 7 3 3 5 5 5
3 4 46 11 995 14 951
0
0
#s 7 16 8 2 5 6 5 17 8 23 5 5 3 3 5 8
#s 9 0 12 3 6 12 5 10 1 5 5 5 5 6 4 3
#s 20 16 11 14 3 12 4 1 7 9 25 8 7 3 4 9
3 20 816 7 374 9 318
#s 12 2 11 10 4 6 10 5 5 5 7 3 6 8 5 7
1 12 99
#s 8 0 0 1 5 7 4 5 16 3 4 7 5 3 4 5
1 8 987
#s 1 3 13 4 5 2 7 5 5 5 4 7 5 3 6 5
#s 6 6 17 13 15 9 15 5 1 10 4 10 5 5 6 5
2 6 904 1 522
#s 2 0 4 22 11 1 4 7 4 2 1 5 7 8 4 5
1 2 49
0
0
0
0
0
#s 10 17 18 6 20 10 10 14 4 12 10 14 13 4 5 12
1 10 912
0
0
#s 14 1 3 0 3 9 12 2 5 21 7 3 3 5 5 5
1 14 807
0
#s 2 0 4 22 11 1 4 7 4 2 1 5 7 8 4 5
#s 7 15 9 2 5 6 5 17 8 23 5 5 3 3 5 8
2 7 637 2 462
0
#s 3 1 14 3 4 5 18 11 5 6 14 5 10 5 5 5
1 3 270
0
#s 3 0 15 3 4 6 14 11 5 11 14 5 10 5 5 5
1 3 186
0
#s 12 2 11 10 4 7 10 5 5 5 7 2 6 8 5 7
#s 19 0 0 1 5 7 11 4 2 5 7 3 12 10 5 5
2 12 48 19 998
0
#s 6 5 18 13 15 10 15 5 1 10 3 10 6 5 6 6
1 6 955
0
#s 17 2 15 8 16 10 4 6 15 5 2 12 3 17 14 11
1 17 818
0
#s 14 1 3 0 3 9 12 2 5 21 7 3 3 5 5 5
#s 15 1 0 5 11 2 5 0 0 4 5 6 3 6 5 5
2 14 605 15 544
0
0
#s 13 18 9 1 12 13 6 20 6 10 10 20 7 5 17 13
1 13 415
0
#s 20 13 17 13 3 12 4 1 7 8 25 12 7 3 4 9
1 20 927
0
0
#s 5 9 8 1 4 5 7 5 5 15 4 14 5 3 13 1
#s 16 1 16 3 9 0 3 2 5 4 7 5 5 8 1 6
2 5 471 16 303
0
0
#s 4 8 11 8 2 10 9 5 9 6 5 8 4 3 3 15
1 4 388
0
0
0
#s 10 17 18 6 20 8 12 14 5 13 14 11 14 4 3 12
1 10 272
#s 10 17 18 6 20 8 12 14 5 13 14 11 14 4 3 12
1 10 279
0
0
0
#s 11 3 3 7 4 14 13 7 7 10 4 23 3 5 11 8
#s 17 2 16 8 16 10 4 6 15 5 2 12 3 17 14 11
2 17 17 11 774
#s 18 7 8 2 4 16 10 9 5 6 4 24 2 11 13 2
1 18 190
0
#s 1 3 13 4 5 2 7 5 5 5 4 7 5 3 6 5
1 1 890
0
0
0
0
0
0
#s 5 9 8 1 4 5 7 5 5 15 4 14 5 3 13 1
1 5 493
0
0
#s 11 3 3 7 4 14 13 7 7 10 4 23 3 5 11 8
#s 18 7 8 2 4 16 10 9 5 6 4 24 2 11 13 2
2 18 391 11 226
#s 18 7 8 2 4 16 10 9 5 6 4 24 2 11 13 2
1 18 85
#s 6 5 18 13 15 10 15 5 1 10 3 10 6 5 6 6
1 6 939
#s 7 15 9 2 5 6 5 17 8 23 5 5 3 3 5 8
#s 9 0 12 3 6 12 5 10 1 5 5 5 5 8 4 3
#s 13 18 9 1 12 13 7 20 6 9 10 20 7 5 17 13
3 13 822 7 504 9 209
0
0
0
0
0
0
0
#s 3 0 15 3 4 6 14 11 5 11 14 5 10 5 5 5
1 3 992
#s 6 5 18 13 15 10 15 5 1 10 3 10 6 5 6 6
1 6 590
#s 10 17 17 6 20 8 12 14 5 13 14 11 14 4 3 12
#s 17 2 16 8 16 11 4 6 15 5 2 11 3 17 14 12
2 10 490 17 485
#s 20 13 17 13 3 12 4 1 7 8 25 12 7 3 4 9
1 20 900
0
#s 12 1 10 10 4 7 10 6 5 5 7 2 6 8 5 7
1 12 684
0
#s 2 0 4 22 11 1 3 7 4 2 1 5 7 8 4 8
#s 7 15 9 2 5 6 5 17 8 23 5 5 3 3 5 8
2 7 988 2 881
0
0
#s 8 0 0 1 5 7 4 5 16 3 4 7 5 3 4 5
1 8 484
0
0
#s 14 2 5 0 1 9 11 2 5 19 7 3 3 8 4 5
1 14 381
0
#s 4 9 10 7 2 12 9 5 9 6 5 9 4 3 3 15
#s 13 18 9 1 12 13 7 20 6 9 10 20 7 5 17 13
#s 19 0 0 1 5 7 9 3 2 5 7 4 11 10 5 6
3 13 352 4 320 19 916
0
#s 20 13 17 13 3 12 4 1 7 8 25 12 7 3 4 9
1 20 850
0
#s 10 17 17 6 20 8 12 14 5 13 14 11 14 4 3 12
1 10 873
0
0
0
#s 4 9 10 7 2 12 9 5 9 6 5 9 4 3 3 15
1 4 430
0
0
#s 1 3 13 4 5 2 7 5 5 5 4 7 5 3 6 5
1 1 188
#s 7 15 9 2 5 6 5 17 8 23 5 5 3 3 5 8
1 7 103
#s 16 1 15 4 9 0 3 2 6 4 7 5 5 8 1 6
1 16 77
0
#s 2 0 4 22 11 1 3 7 4 2 1 5 7 8 4 9
1 2 717
0
0
0
0
#s 6 5 18 13 15 10 15 5 1 10 3 10 6 5 6 6
1 6 516
0
#s 15 1 0 4 11 2 4 0 0 4 5 6 4 6 5 5
#s 17 2 16 10 16 14 4 5 16 5 2 9 3 18 15 18
2 17 377 15 295
0
0
#s 5 9 7 1 4 5 8 5 5 15 4 14 5 3 13 1
1 5 151
0
#s 9 0 12 3 6 12 5 10 1 5 5 5 5 8 4 3
1 9 953
#s 11 3 3 7 4 14 13 7 7 10 4 23 3 5 11 8
1 11 711
#s 13 18 9 1 12 13 7 20 6 9 10 20 7 5 17 13
1 13 527
#s 19 0 0 1 5 7 9 3 2 5 7 4 11 10 5 6
#s 20 13 17 13 3 12 4 1 7 8 25 12 7 3 4 9
2 20 170 19 16
#s 3 0 15 3 4 6 13 19 5 11 14 6 9 5 5 5
1 3 946
0
#s 10 17 15 6 18 9 13 14 5 12 16 9 14 5 3 11
1 10 792
#s 18 7 8 2 4 16 12 9 5 6 4 24 2 11 11 2
1 18 611
0
0
0
#s 12 1 10 10 4 7 10 6 5 5 7 2 6 8 5 7
1 12 591
#s 12 1 10 10 4 7 10 6 5 5 7 2 6 8 5 7
1 12 294
0
0
#s 4 9 11 7 2 12 9 5 9 7 5 9 4 3 2 15
1 4 130
0
0
0
#s 17 2 16 10 16 14 4 5 16 5 2 9 3 18 15 18
1 17 62
#s 3 0 15 3 4 6 13 19 5 11 14 6 9 5 5 5
1 3 38
0
#s 6 5 18 13 15 10 15 6 1 10 3 13 6 5 6 6
1 6 709
0
0
#s 12 1 10 10 4 7 10 6 5 5 7 2 6 8 5 7
1 12 105
0
0
#s 10 19 15 6 18 9 13 14 5 12 16 9 14 5 3 11
#s 14 2 5 0 1 9 11 2 5 19 7 3 3 8 4 5
2 10 947 14 731
#s 13 18 9 1 12 13 7 20 6 9 10 20 7 5 16 13
1 13 635
#s 2 0 4 22 11 1 3 7 4 2 1 5 7 8 4 9
1 2 39
0
0
#s 8 0 0 1 5 7 4 5 16 3 4 7 5 3 4 5
1 8 772
#s 1 4 12 4 3 2 7 14 5 5 4 7 5 3 7 5
1 1 457
#s 7 15 9 2 5 6 5 17 8 23 5 5 3 3 5 8
1 7 376
0
#s 20 13 17 13 3 12 4 1 7 8 25 12 7 3 4 9
1 20 90
0
0
#s 4 9 11 7 2 12 8 5 9 7 5 9 4 3 2 15
#s 18 7 8 2 4 16 12 9 5 6 4 24 2 11 11 2
2 4 78 18 676
0
0
#s 9 0 12 3 6 12 5 10 1 5 5 5 5 8 4 3
#s 16 1 15 4 9 0 3 2 6 4 7 5 5 8 1 6
2 9 624 16 126
0
#s 4 9 11 7 2 12 8 5 9 7 5 9 4 3 2 15
1 4 948
#s 10 19 15 6 18 9 13 14 5 12 18 9 14 5 3 11
#s 11 3 3 7 4 14 13 7 7 10 4 23 3 5 11 8
2 10 908 11 600
0
0
0
0
#s 10 19 15 6 18 9 13 14 5 12 18 9 14 5 3 11
1 10 364
0
#s 3 0 15 3 4 6 13 19 5 11 14 6 9 5 5 5
1 3 230
#s 5 9 7 1 4 5 8 5 5 15 4 14 5 3 13 1
#s 17 2 16 10 16 14 4 5 16 5 2 9 3 18 15 18
2 17 991 5 926
0
#s 13 18 9 1 12 13 7 20 6 9 10 20 7 5 16 13
1 13 716
0
#s 12 1 10 10 4 7 10 6 5 5 7 2 6 8 5 7
1 12 441
0
0
0
#s 6 5 18 13 15 10 15 6 1 10 3 13 6 5 6 6
1 6 823
0
#s 11 3 3 7 4 14 13 7 7 10 4 23 3 5 11 8
1 11 798
#s 10 19 15 6 18 9 13 14 5 12 18 9 14 5 3 11
1 10 463
#s 13 18 9 1 12 13 7 20 6 9 10 20 7 5 16 13
1 13 152
0
#s 7 15 9 2 5 6 5 17 8 23 5 5 3 3 5 8
1 7 901
#s 15 1 0 4 11 2 4 0 0 4 5 6 4 6 5 5
#s 19 1 0 1 5 6 9 3 2 5 7 4 10 10 5 7
2 19 836 15 393
0
0
0
0
#s 17 2 16 10 16 14 4 5 16 5 2 9 3 18 15 18
1 17 40
0
#s 4 9 11 7 2 12 8 5 9 7 5 9 4 3 2 15
#s 18 7 8 2 4 16 13 9 5 6 4 24 2 11 11 2
2 18 844 4 521
0
0
0
0
#s 6 5 18 13 15 10 15 6 1 10 3 13 6 5 6 6
#s 13 18 9 1 12 13 7 20 6 9 10 20 7 5 16 13
2 6 258 13 27
#s 1 3 12 5 3 2 8 14 5 5 4 7 4 2 7 6
1 1 856
#s 4 9 11 7 2 12 8 5 9 7 5 9 4 3 2 15
#s 20 13 17 13 3 12 4 1 7 8 25 12 7 3 4 9
2 4 851 20 707
0
0
#s 6 5 18 13 15 10 15 6 1 10 3 13 6 5 6 6
#s 14 2 5 0 1 9 11 2 5 19 7 3 3 8 4 5
2 6 706 14 528
#s 1 3 12 5 3 2 8 14 5 5 4 7 4 2 7 6
#s 7 15 9 2 5 6 5 17 8 23 5 5 3 3 5 8
#s 13 18 9 1 12 13 7 20 6 9 10 20 7 5 16 13
3 13 501 1 954 7 899
0
#s 2 0 4 22 11 1 3 7 4 2 1 5 7 8 4 9
#s 11 3 3 7 4 14 13 7 7 10 4 23 3 5 11 8
2 11 874 2 365
#s 4 9 11 7 2 12 8 5 9 7 5 9 4 3 2 15
1 4 231
0
#s 3 0 15 3 4 6 13 19 5 11 14 6 9 5 5 5
#s 5 9 6 1 4 5 9 5 5 15 4 14 5 3 13 1
2 3 184 5 324
#s 3 0 15 3 4 6 13 19 5 11 14 6 9 5 5 5
#s 8 0 0 1 5 7 4 5 16 3 4 7 5 3 4 5
2 3 58 8 982
#s 12 0 10 10 5 7 9 7 5 5 7 2 6 8 5 8
1 12 712
#s 10 19 15 6 18 9 16 14 5 12 19 8 14 5 3 11
1 10 603
0
0
0
0
0
0
#s 2 0 4 22 11 1 3 7 4 2 1 5 7 8 4 9
1 2 453
#s 6 5 18 13 15 10 15 6 1 10 3 17 6 5 6 6
#s 9 0 12 3 6 12 5 10 1 5 5 5 5 8 4 3
2 6 235 9 937
#s 1 3 12 5 3 2 8 14 5 5 4 7 4 2 7 6
#s 5 9 6 1 4 5 9 5 5 15 4 14 5 3 13 1
2 1 910 5 859
0
0
#s 18 7 8 2 4 16 13 9 5 6 4 24 2 11 11 2
1 18 930
#s 7 15 9 2 5 6 5 17 8 23 5 5 3 3 5 8
1 7 620
0
#s 20 13 17 13 3 12 4 1 7 8 25 12 7 3 4 9
1 20 468
#s 17 2 16 10 16 14 4 5 16 5 2 9 3 18 15 18
1 17 214
0
0
#s 10 19 15 6 18 9 16 14 5 12 19 8 14 5 3 11
#s 16 1 15 4 9 0 3 2 6 4 7 5 5 8 1 6
2 10 68 16 959
0
#s 13 18 9 1 12 13 7 20 6 9 10 20 7 5 16 13
1 13 465
#s 11 3 3 7 4 14 13 7 7 10 4 23 3 5 11 8
#s 19 1 0 1 5 6 7 3 2 5 7 4 10 10 5 7
2 11 427 19 3
0
#s 2 0 4 22 11 1 3 7 4 2 1 5 7 8 4 9
#s 6 5 19 13 15 11 15 7 1 10 2 17 6 5 6 6
#s 20 13 17 13 3 12 4 1 7 8 25 13 7 3 4 9
3 20 950 6 426 2 344
0
#s 15 1 0 4 11 2 4 0 0 4 5 6 4 6 5 5
1 15 337
#s 5 9 6 1 4 5 9 5 5 15 4 14 5 3 13 1
#s 6 5 19 12 15 11 15 7 1 9 2 17 6 5 6 8
#s 18 7 8 2 4 16 13 9 5 6 4 24 2 11 11 2
3 6 306 5 257 18 962
0
#s 4 9 11 7 2 12 8 5 9 7 5 9 4 3 2 15
#s 10 19 15 6 18 9 16 14 5 12 19 8 14 5 3 11
2 10 543 4 428
#s 3 0 15 3 4 6 13 19 5 11 14 6 9 5 5 5
1 3 192
0
0
0
0
#s 17 2 16 10 16 14 4 5 16 5 2 9 3 18 15 18
1 17 191
#s 7 15 9 2 5 6 5 16 8 23 5 5 3 3 5 8
1 7 100
#s 4 9 11 7 2 12 8 5 9 7 5 9 4 3 2 15
1 4 651
0
0
0
#s 5 9 6 1 4 5 9 5 5 15 4 14 5 3 12 1
#s 10 19 15 6 18 9 16 14 5 12 19 8 14 5 3 11
2 10 989 5 843
#s 3 0 15 3 4 7 13 19 5 11 14 6 9 5 5 5
#s 6 5 19 12 15 11 15 7 1 9 2 17 6 5 6 8
#s 12 0 10 10 5 7 9 7 5 5 7 2 6 8 5 8
3 6 788 3 652 12 552
0
0
#s 13 18 9 1 12 13 7 20 6 9 10 20 7 5 16 13
1 13 524
#s 14 2 5 0 1 9 11 2 5 19 7 3 3 8 4 5
1 14 134
0
#s 9 0 12 3 6 12 5 10 1 5 5 5 5 8 4 3
#s 10 19 15 6 18 9 16 14 5 12 19 8 14 5 3 11
2 10 87 9 877
#s 18 7 8 2 4 19 13 9 5 6 4 24 2 11 11 2
#s 20 13 17 13 3 12 4 1 7 8 25 13 7 3 4 9
2 18 592 20 554
#s 4 9 11 7 2 12 8 5 9 7 5 9 4 3 2 15
1 4 431
#s 1 3 12 5 3 2 8 14 5 5 4 7 4 2 7 6
1 1 550
#s 8 0 0 1 5 7 4 5 16 3 4 7 5 3 4 5
1 8 499
0
#s 1 3 13 5 3 2 8 14 5 5 4 7 3 2 7 6
1 1 447
0
0
0
0
#s 12 0 10 10 5 7 9 7 5 5 7 2 6 8 5 8
1 12 892
#s 13 18 9 1 12 13 7 20 6 9 10 20 7 5 16 13
1 13 861
#s 11 3 3 7 6 14 12 5 8 9 4 23 3 5 11 8
1 11 407
#s 20 13 17 13 3 12 4 1 7 8 25 13 7 3 4 9
1 20 993
#s 16 1 13 4 9 0 3 2 6 4 7 7 4 8 1 6
1 16 940
#s 10 19 15 6 18 9 16 14 5 12 19 8 14 5 3 11
#s 11 3 3 7 6 14 12 5 8 9 4 23 3 5 11 8
2 10 409 11 158
#s 19 1 0 1 5 6 7 3 2 7 7 4 10 10 5 7
1 19 59
#s 7 15 10 2 5 6 5 16 8 23 5 5 3 3 5 8
1 7 893
#s 2 0 4 22 11 1 3 7 4 2 1 5 7 8 4 9
#s 18 7 8 2 4 19 13 9 5 6 4 24 2 11 11 2
2 18 700 2 675
0
#s 3 0 15 3 4 7 13 19 5 11 14 6 9 5 5 5
#s 17 2 16 10 15 14 4 5 16 5 2 9 3 18 15 18
2 3 621 17 555
#s 4 9 11 7 2 12 8 5 9 7 5 9 4 3 2 15
#s 10 19 15 6 18 9 16 14 5 12 19 8 14 5 3 11
2 10 492 4 667
#s 13 18 9 1 12 14 8 20 6 10 10 21 7 4 16 13
#s 14 2 5 0 1 9 11 2 5 19 7 3 3 8 4 5
#s 15 1 0 4 11 2 4 0 0 4 5 6 4 6 5 5
3 13 434 14 261 15 150
0
0
#s 4 9 11 7 2 12 8 5 9 7 5 9 4 3 2 15
#s 6 4 18 13 17 15 14 7 0 8 2 15 7 10 5 8
2 6 112 4 945
#s 5 9 4 0 3 6 18 4 9 13 4 14 5 3 12 1
#s 13 18 9 1 12 14 8 20 6 10 10 21 7 4 16 13
2 13 779 5 241
0
0
#s 20 13 17 13 3 12 4 1 7 8 25 14 7 3 4 9
1 20 238
0
#s 11 3 4 6 8 14 11 4 8 9 4 23 3 5 13 8
1 11 174
0
#s 9 0 12 3 6 12 5 10 1 5 5 5 5 8 4 3
1 9 129
#s 10 19 15 6 18 9 16 14 5 12 19 8 14 5 3 11
#s 11 3 4 6 8 14 11 4 8 9 4 23 3 5 13 8
2 10 688 11 461
0
#s 12 0 10 9 5 7 9 8 5 5 7 2 6 8 5 8
1 12 437
#s 17 2 16 10 15 14 4 5 16 5 2 9 3 18 15 18
1 17 382
0
#s 1 3 12 5 3 2 8 14 5 5 4 8 3 2 7 6
#s 6 4 18 13 17 15 14 9 0 8 2 15 7 10 5 8
2 6 347 1 32
#s 10 19 15 6 18 9 16 14 5 12 19 8 14 5 3 11
1 10 994
#s 3 0 15 3 4 7 13 19 5 11 14 6 9 5 5 5
1 3 964
#s 2 0 3 22 11 1 3 8 4 3 1 5 7 8 4 9
1 2 801
#s 7 15 10 2 5 6 5 16 8 23 5 5 3 3 5 8
1 7 573
#s 16 1 13 4 9 0 3 2 6 4 7 7 4 8 1 6
1 16 949
#s 8 0 0 1 5 7 4 5 16 3 4 7 5 3 4 5
#s 10 19 15 6 18 9 16 14 5 12 19 8 14 5 3 11
2 10 902 8 557
#s 6 4 18 13 17 15 14 9 0 8 2 15 7 10 5 8
1 6 545
0
#s 14 1 5 2 1 10 11 2 5 20 7 9 2 8 3 4
1 14 96
#s 11 3 4 6 8 14 11 4 8 9 4 23 3 5 13 8
#s 13 18 9 1 12 14 8 20 6 10 10 21 7 4 16 13
2 13 981 11 969
0
#s 4 9 11 7 2 12 8 5 9 7 5 9 4 3 2 15
#s 7 15 10 2 5 6 5 16 8 23 5 5 3 3 5 8
#s 19 1 0 1 5 6 7 3 2 7 7 4 10 9 5 8
3 4 518 19 401 7 310
#s 5 9 4 0 3 6 18 4 9 13 4 14 5 3 12 1
#s 20 13 17 13 3 12 4 1 7 8 25 14 7 3 4 9
2 5 140 20 88
0
0
#s 18 7 8 2 4 19 13 9 5 6 4 24 2 11 11 2
1 18 922
0
#s 11 3 4 6 8 14 11 4 8 9 4 23 3 5 13 8
1 11 741
0
0
#s 6 4 18 13 17 15 14 9 0 8 2 15 7 10 5 8
#s 10 19 15 6 18 9 16 14 5 12 19 8 14 5 3 11
#s 13 18 9 1 12 14 8 20 6 10 10 21 7 4 16 13
3 10 217 6 206 13 115
0
0
#s 1 3 12 5 3 2 8 14 5 5 4 8 3 2 7 6
#s 10 19 15 6 18 9 16 14 5 12 19 8 14 5 3 11
#s 17 2 16 8 15 14 4 5 16 5 2 9 3 18 15 18
3 10 868 17 363 1 273
#s 12 0 10 9 5 7 9 8 5 5 7 2 6 8 5 8
1 12 208
0
#s 9 0 12 3 6 12 5 11 1 5 4 5 5 8 4 3
#s 15 1 0 4 11 2 4 0 0 4 5 6 4 6 5 5
2 9 67 15 24
#s 3 0 15 3 4 7 13 19 5 11 14 6 9 5 5 5
#s 6 4 18 13 17 15 14 9 0 8 2 15 7 10 5 8
#s 10 19 15 6 18 9 16 14 5 12 19 8 14 5 3 11
#s 11 3 4 6 8 14 11 4 8 9 4 23 3 5 13 8
4 10 934 3 819 11 714 6 984
0
0
#s 13 15 9 1 12 14 6 20 9 10 9 21 7 4 16 14
1 13 385
#s 4 9 11 7 2 12 8 5 9 7 5 9 4 3 2 15
#s 14 1 5 2 1 10 11 2 5 20 7 9 2 8 3 4
2 4 290 14 9
#s 16 1 12 4 8 0 3 2 6 4 8 7 4 9 1 6
#s 20 13 17 13 3 12 4 1 7 8 25 14 7 3 4 9
2 20 559 16 967
0
#s 10 19 15 6 18 9 16 14 5 12 19 8 14 5 3 11
1 10 567
0
#s 18 7 8 2 4 19 13 9 5 6 4 24 2 11 11 2
1 18 144
0
#s 5 9 4 0 3 6 18 4 9 13 4 14 5 3 12 1
1 5 917
#s 11 3 4 6 8 14 11 4 8 9 4 23 3 5 13 8
#s 13 15 9 1 12 14 6 20 9 10 9 21 7 4 16 14
#s 17 2 16 8 15 14 4 5 16 5 2 9 3 18 15 18
3 13 812 17 155 11 81
#s 7 15 10 2 5 6 5 16 8 23 5 5 3 3 5 8
1 7 629
#s 2 0 3 22 11 1 3 8 4 3 1 5 7 8 4 9
#s 8 0 0 1 5 7 4 5 16 3 4 7 5 3 4 5
2 2 138 8 43
#s 9 0 12 3 6 12 5 11 1 5 4 5 5 8 4 3
#s 19 1 0 1 5 6 7 3 2 7 7 4 10 9 5 8
2 9 975 19 647
#s 4 9 11 7 2 12 8 5 9 7 5 9 4 3 2 15
#s 12 0 10 9 5 7 9 8 5 5 7 2 6 8 5 8
2 4 636 12 339
0
#s 20 13 17 13 3 12 4 1 7 8 25 14 7 3 4 9
1 20 464
#s 6 4 18 13 17 15 14 9 0 8 2 15 7 10 5 8
1 6 329
#s 1 3 12 5 3 2 8 14 5 5 4 8 3 2 7 6
1 1 23
#s 10 19 15 6 18 9 16 14 5 12 19 8 14 5 3 11
1 10 678
0
#s 17 2 16 8 15 14 4 5 16 5 2 9 3 18 15 18
1 17 298
#s 7 15 10 2 5 6 5 16 8 23 5 5 3 3 5 8
#s 10 19 15 6 18 9 16 14 5 12 19 8 14 5 3 11
2 10 971 7 952
#s 6 4 18 13 17 15 14 9 0 8 2 15 7 10 5 8
#s 11 3 4 6 8 14 11 4 8 9 4 23 3 5 13 8
2 6 734 11 356
0
#s 3 0 15 3 4 7 13 19 5 11 14 6 9 5 5 5
1 3 323
#s 12 0 10 9 5 7 9 8 5 5 7 2 6 8 5 8
#s 13 15 9 1 12 14 6 20 9 10 9 21 7 4 16 14
2 12 968 13 448
#s 4 9 11 7 2 12 8 5 9 7 5 9 4 3 2 15
#s 18 7 8 2 4 19 13 9 5 6 4 24 2 11 11 2
2 4 383 18 101
0
#s 4 9 11 7 2 12 8 5 9 7 5 9 4 3 2 15
1 4 961
#s 20 13 17 13 3 12 4 1 7 8 25 14 7 3 4 9
1 20 715
#s 13 15 10 1 12 14 6 20 9 10 9 21 7 4 16 14
#s 16 1 11 4 8 0 3 2 5 4 8 8 4 9 1 6
#s 17 2 16 8 15 14 4 5 16 5 2 9 3 18 15 18
#s 18 7 8 2 4 19 13 9 5 6 4 24 2 11 11 2
4 17 251 13 980 18 429 16 201
#s 7 15 10 2 5 6 5 16 8 23 5 5 3 3 5 8
#s 10 19 15 6 18 9 16 14 5 12 19 8 14 5 3 11
2 10 189 7 133
#s 1 3 12 5 3 2 8 14 5 5 4 8 3 2 7 6
#s 2 0 3 22 11 1 3 8 4 3 1 5 7 8 4 9
#s 9 0 12 3 6 12 5 11 1 5 4 5 5 8 4 3
#s 10 19 15 6 18 9 16 14 5 12 19 8 14 5 3 11
#s 17 2 16 8 15 14 4 5 16 5 2 9 3 18 15 18
5 10 13 17 960 1 884 9 713 2 936
#s 10 19 15 6 18 9 16 14 5 12 19 8 14 5 3 11
1 10 677
#s 11 3 4 6 8 14 11 4 8 9 4 23 3 5 13 8
#s 14 1 5 2 1 10 9 3 5 21 8 10 2 8 2 3
2 11 479 14 446
#s 8 0 0 1 5 7 4 5 16 3 4 7 5 3 4 5
1 8 308
#s 3 0 15 3 4 7 13 19 5 11 14 6 9 5 5 5
#s 19 1 0 1 5 6 7 3 2 7 7 4 10 8 5 9
2 3 941 19 469
#s 6 4 18 13 17 15 14 9 0 8 2 15 7 10 5 8
#s 13 15 10 1 12 14 6 20 9 10 9 21 7 4 16 14
2 13 438 6 436
#s 5 9 4 0 3 6 18 4 9 13 4 14 5 3 12 1
#s 13 15 10 1 12 14 6 20 9 10 9 21 7 4 16 14
2 13 44 5 842
0
#s 15 1 0 4 11 2 4 0 0 4 5 6 4 6 5 5
#s 17 2 16 8 15 14 4 5 16 5 2 9 3 18 15 18
2 17 674 15 531
#s 18 7 8 2 4 19 13 9 5 6 4 24 2 11 11 2
1 18 284
#s 10 19 15 6 18 9 16 14 5 12 19 8 14 5 3 11
1 10 30
#s 20 13 17 13 3 12 4 1 7 8 25 14 7 3 4 9
1 20 175
#s 11 3 4 6 8 14 11 4 8 9 4 23 3 5 13 8
#s 12 0 10 9 5 7 9 8 5 5 7 2 6 8 5 8
2 11 41 12 997
0
0
#s 7 15 10 2 5 6 5 16 8 23 5 5 3 3 5 8
1 7 560
0
#s 3 0 15 3 4 7 13 19 5 11 14 6 9 5 5 5
#s 14 1 5 2 1 10 9 3 5 21 8 10 2 8 2 3
2 3 229 14 773
#s 4 9 11 7 2 12 8 5 9 7 5 9 4 3 2 15
#s 11 3 4 6 8 14 11 4 8 9 4 23 3 5 13 8
#s 13 15 10 1 12 14 6 20 9 10 9 21 7 4 16 14
3 4 999 13 986 11 983
#s 1 3 12 5 3 2 8 14 5 5 4 8 3 2 7 6
#s 5 9 4 0 3 6 18 4 9 13 4 14 5 3 12 1
#s 8 0 0 1 5 7 4 5 16 3 4 7 5 3 4 5
#s 10 19 15 6 18 9 16 14 5 12 19 8 14 5 3 11
#s 13 15 10 1 12 14 6 20 9 10 9 21 7 4 16 14
5 10 943 13 885 8 863 1 722 5 589
#s 12 0 10 9 5 7 9 8 5 5 7 2 6 8 5 8
#s 20 13 17 13 3 12 4 1 7 8 25 14 7 3 4 9
2 12 505 20 246
#s 11 3 4 6 8 14 11 4 8 9 4 23 3 5 13 8
1 11 197
#s 2 0 3 22 11 1 3 8 4 3 1 5 7 8 4 9
#s 10 19 15 6 18 9 16 14 5 12 19 8 14 5 3 11
#s 13 15 10 1 12 14 6 20 9 10 9 21 7 4 16 14
#s 17 2 16 8 15 14 4 5 16 5 2 9 3 18 15 18
4 13 612 10 416 17 262 2 168
#s 7 15 10 2 5 6 5 16 8 23 5 5 3 3 5 8
1 7 978
#s 4 9 11 7 2 12 8 5 9 7 5 9 4 3 2 15
#s 6 4 18 13 17 15 14 9 0 8 2 15 7 10 5 8
#s 13 15 10 1 12 14 6 20 9 10 9 21 7 4 16 14
#s 16 1 11 4 5 0 3 2 5 4 8 8 4 9 1 6
4 4 905 6 15 13 918 16 508
#s 12 0 10 9 5 7 9 8 5 5 7 2 6 8 5 8
#s 17 2 16 8 15 14 4 5 16 5 2 9 3 18 15 18
2 17 928 12 588
#s 10 19 15 6 18 9 16 14 5 12 19 8 14 5 3 11
1 10 511
#s 3 0 15 3 4 7 13 19 5 11 14 6 9 5 5 5
#s 10 19 15 6 18 9 16 14 5 12 19 8 14 5 3 11
#s 20 13 17 13 3 12 4 1 7 8 25 14 7 3 4 9
3 10 442 20 125 3 963
#s 4 9 11 7 2 12 8 5 9 7 5 9 4 3 2 15
#s 7 15 10 2 5 6 5 16 8 23 5 5 3 3 5 8
2 4 913 7 862
#s 8 0 0 1 5 7 4 5 16 3 4 7 5 3 4 5
1 8 458
#s 5 9 4 0 3 6 18 4 9 13 4 14 5 3 12 1
#s 15 1 0 4 11 2 4 0 0 4 5 6 4 6 5 5
#s 17 2 16 8 15 14 4 5 16 5 2 9 3 18 15 18
#s 18 7 8 2 4 19 13 9 5 6 4 24 2 11 11 2
#s 19 1 0 1 5 6 7 3 2 7 7 4 10 8 5 9
5 18 357 17 460 5 378 19 183 15 120
#s 6 4 18 13 17 15 14 9 0 8 2 15 7 10 5 8
#s 13 15 10 1 12 14 6 20 9 10 9 21 7 4 16 14
2 6 56 13 386
#s 9 0 12 3 6 12 5 11 1 5 4 5 5 8 4 3
#s 10 19 15 6 18 9 16 14 5 12 19 8 14 5 3 11
#s 13 15 10 1 12 14 6 20 9 10 9 21 7 4 16 14
3 10 205 13 990 9 833
#s 3 0 15 3 4 7 13 19 5 11 14 6 9 5 5 5
#s 6 4 18 13 17 15 14 9 0 8 2 15 7 10 5 8
#s 10 19 15 6 18 9 16 14 5 12 19 8 14 5 3 11
#s 14 1 5 2 1 10 9 3 5 21 8 10 2 8 2 3
4 10 809 3 724 6 400 14 342
#s 3 0 15 3 4 7 13 19 5 11 14 6 9 5 5 5
#s 10 19 15 6 18 9 16 14 5 12 19 8 14 5 3 11
2 10 582 3 439
0
#s 13 15 10 1 12 14 6 20 9 10 9 21 7 4 16 14
1 13 410
#s 3 0 15 3 4 7 13 19 5 11 14 6 9 5 5 5
#s 4 9 11 7 2 12 8 5 9 7 5 9 4 3 2 15
#s 17 2 16 8 15 14 4 5 16 5 2 9 3 18 15 18
3 4 245 17 213 3 977
#s 4 9 11 7 2 12 8 5 9 7 5 9 4 3 2 15
#s 11 3 4 6 8 14 11 4 8 9 4 23 3 5 13 8
#s 16 1 11 4 5 0 3 2 5 4 8 8 4 9 1 6
#s 20 13 17 13 3 12 4 1 7 8 25 14 7 3 4 9
4 20 871 4 758 16 568 11 473
#s 4 9 11 7 2 12 8 5 9 7 5 9 4 3 2 15
#s 11 3 4 6 8 14 11 4 8 9 4 23 3 5 13 8
#s 20 13 17 13 3 12 4 1 7 8 25 14 7 3 4 9
3 4 321 11 319 20 204
#s 6 4 18 13 17 15 14 9 0 8 2 15 7 10 5 8
#s 10 19 15 6 18 9 16 14 5 12 19 8 14 5 3 11
#s 11 3 4 6 8 14 11 4 8 9 4 23 3 5 13 8
#s 18 7 8 2 4 19 13 9 5 6 4 24 2 11 11 2
#s 20 13 17 13 3 12 4 1 7 8 25 14 7 3 4 9
5 10 665 18 562 20 450 11 93 6 935
#s 1 3 12 5 3 2 8 14 5 5 4 8 3 2 7 6
#s 7 15 10 2 5 6 5 16 8 23 5 5 3 3 5 8
#s 10 19 15 6 18 9 16 14 5 12 19 8 14 5 3 11
3 10 806 1 341 7 164
#s 2 0 3 22 11 1 3 8 4 3 1 5 7 8 4 9
#s 10 19 15 6 18 9 16 14 5 12 19 8 14 5 3 11
#s 12 0 7 7 5 3 10 10 5 7 7 2 6 8 5 9
#s 13 15 10 1 12 14 6 20 9 10 9 21 7 4 16 14
#s 17 2 16 8 15 14 4 5 16 5 2 9 3 18 15 18
5 10 996 13 418 17 334 12 965 2 233
#s 5 9 4 0 3 6 18 4 9 13 4 14 5 3 12 1
#s 11 3 4 6 8 14 11 4 8 9 4 23 3 5 13 8
#s 18 7 8 2 4 19 13 9 5 6 4 24 2 11 11 2
#s 20 13 17 13 3 12 4 1 7 8 25 14 7 3 4 9
4 11 219 5 28 20 424 18 108
#s 13 15 10 1 12 14 6 20 9 10 9 21 7 4 16 14
#s 14 1 5 2 1 10 9 3 5 21 8 10 2 8 2 3
#s 18 7 8 2 4 19 13 9 5 6 4 24 2 11 11 2
#s 20 13 17 13 3 12 4 1 7 8 25 14 7 3 4 9
4 13 1 18 944 20 561 14 266
#s 4 9 11 7 2 12 8 5 9 7 5 9 4 3 2 15
#s 5 9 4 0 3 6 18 4 9 13 4 14 5 3 12 1
#s 8 0 0 1 5 7 4 5 16 3 4 7 5 3 4 5
#s 10 19 15 6 18 9 16 14 5 12 19 8 14 5 3 11
#s 13 15 10 1 12 14 6 20 9 10 9 21 7 4 16 14
#s 20 13 17 13 3 12 4 1 7 8 25 14 7 3 4 9
6 4 974 10 769 13 738 20 671 5 535 8 472
#s 4 9 11 7 2 12 8 5 9 7 5 9 4 3 2 15
#s 9 0 12 3 6 12 5 11 1 5 4 5 5 8 4 3
#s 10 19 15 6 18 9 16 14 5 12 19 8 14 5 3 11
#s 11 3 4 6 8 14 11 4 8 9 4 23 3 5 13 8
#s 12 0 7 7 5 3 10 10 5 7 7 2 6 8 5 9
#s 13 15 10 1 12 14 6 20 9 10 9 21 7 4 16 14
#s 16 1 11 4 5 0 3 2 5 4 8 8 4 9 1 6
7 4 369 11 304 10 121 13 970 9 640 12 198 16 985
#s 7 15 10 2 5 6 5 16 8 23 5 5 3 3 5 8
#s 13 15 10 1 12 14 6 20 9 10 9 21 7 4 16 14
#s 14 1 5 2 1 10 9 3 5 21 8 10 2 8 2 3
#s 17 2 16 8 15 14 4 5 16 5 2 9 3 18 15 18
#s 18 7 8 2 4 19 13 9 5 6 4 24 2 11 11 2
#s 19 1 0 1 5 6 7 3 2 7 7 4 10 8 5 9
6 7 751 13 829 17 775 18 973 14 891 19 883
#s 1 3 12 5 3 2 8 14 5 5 4 8 3 2 7 6
#s 2 0 3 22 11 1 3 8 4 3 1 5 7 8 4 9
#s 7 15 10 2 5 6 5 16 8 23 5 5 3 3 5 8
#s 10 19 15 6 18 9 16 14 5 12 19 8 14 5 3 11
#s 13 15 10 1 12 14 6 20 9 10 9 21 7 4 16 14
#s 17 2 16 8 15 14 4 5 16 5 2 9 3 18 15 18
#s 18 7 8 2 4 19 13 9 5 6 4 24 2 11 11 2
5 13 292 10 315 18 690 1 564 17 359
#s 3 0 15 3 3 6 12 19 5 11 14 6 9 5 6 5
#s 10 19 15 6 18 9 16 14 5 12 19 8 14 5 3 11
#s 12 0 7 7 5 3 10 10 5 7 7 2 6 8 5 9
#s 13 15 10 1 12 14 6 20 9 10 9 21 7 4 16 14
#s 16 1 11 4 5 0 3 2 5 4 8 8 4 9 1 6
#s 18 7 8 2 4 19 13 9 5 6 4 24 2 11 11 2
0
#s 4 9 11 7 2 12 8 5 9 7 5 9 4 3 2 15
#s 6 4 18 13 17 15 14 9 0 8 2 15 7 10 5 8
#s 11 3 4 6 8 14 11 4 8 9 4 23 3 5 13 8
#s 19 1 0 1 5 6 7 3 2 7 7 4 10 8 5 9
0
#s 15 1 0 4 11 2 4 0 0 4 5 6 4 6 5 5
#s 17 2 16 8 15 14 4 5 16 5 2 9 3 18 15 18
#s 20 13 17 13 3 12 4 1 7 8 25 14 7 3 4 9
0
#s 8 0 0 1 5 7 4 5 16 3 4 7 5 3 4 5
#s 9 0 12 3 6 12 5 11 1 5 4 5 5 8 4 3
0
0
0
#s 1 3 12 5 3 2 8 14 5 5 4 8 3 2 7 6
#s 14 1 5 2 1 10 9 3 5 21 8 10 2 8 2 3
0
0
