20 1 166 2 132 3 236 4 165 5 34 6 187 7 250 8 263 9 21 10 277 11 237 12 72 13 7 14 97 15 354 16 572 17 594 18 534 19 404 20 443
1 4 176
1 10 549
2 6 42 13 362
0
0
0
0
0
0
1 16 12
2 3 94 9 255
1 11 247
3 7 340 10 317 15 503
1 18 565
0
3 1 182 10 648 17 619
1 11 79
0
0
1 13 395
2 5 104 10 575
0
0
0
1 20 452
1 13 254
0
0
0
2 13 664 15 343
2 5 159 17 280
1 4 513
2 1 239 6 633
1 3 474
0
0
2 3 488 7 69
1 9 423
0
1 8 278
1 6 496
0
1 7 451
2 5 252 9 417
1 11 142
0
0
1 15 71
1 19 486
1 10 84
3 13 70 14 682 16 551
2 12 139 13 672
1 11 221
0
0
2 5 348 20 470
1 11 274
0
1 11 346
0
1 7 533
1 17 661
1 13 482
1 10 64
2 13 80 16 379
0
0
1 18 595
0
1 7 610
1 19 556
2 2 202 3 507
0
2 5 420 10 106
1 6 540
0
0
0
0
3 6 596 18 542 20 489
0
0
0
2 4 601 17 63
2 16 532 17 33
0
0
0
0
0
2 10 747 20 111
2 1 249 8 65
0
2 4 467 9 725
1 11 373
1 16 36
0
0
1 4 506
0
0
1 7 679
1 13 113
0
1 12 148
2 1 335 16 593
1 20 137
1 13 124
2 15 98 20 586
1 20 719
1 19 136
1 5 500
1 14 693
0
2 11 449 17 141
1 18 626
1 2 286
0
0
1 7 502
4 6 171 10 178 12 720 13 799
1 13 432
1 9 749
1 8 526
0
1 18 685
2 3 162 16 495
1 6 259
0
0
0
1 7 649
1 12 569
2 14 743 17 8
0
1 19 143
1 20 57
3 3 497 13 95 16 5
1 2 288
0
0
1 4 538
1 18 703
2 1 336 6 312
0
0
2 2 326 17 644
1 17 622
1 18 755
1 13 546
0
0
0
0
0
1 11 576
0
0
0
2 5 581 10 615
2 6 408 10 609
1 6 425
2 15 110 18 776
0
0
2 14 790 18 177
1 4 689
2 2 147 4 305
1 10 670
1 7 579
3 4 433 6 602 13 748
0
0
2 18 128 20 585
1 3 548
1 11 710
0
2 12 627 17 234
2 9 185 19 566
2 3 632 11 608
1 10 207
1 13 768
0
1 20 131
2 9 311 18 728
1 20 215
0
0
0
0
1 6 641
1 12 787
0
0
2 8 623 19 650
0
2 4 520 13 510
0
3 7 480 10 587 20 224
0
2 2 260 20 754
1 13 606
2 5 656 13 660
2 1 349 6 422
1 4 617
2 4 663 7 614
1 4 630
2 6 529 14 116
1 15 114
1 16 31
0
1 17 826
0
0
1 20 240
0
3 3 683 6 536 7 746
1 11 702
0
0
0
0
1 19 655
0
0
1 4 699
1 3 723
0
2 6 366 18 739
0
0
1 18 517
1 10 645
1 5 686
1 7 834
1 13 756
2 3 52 12 314
1 18 638
1 11 832
0
2 3 821 7 757
1 17 888
1 2 742
0
4 11 161 14 82 16 770 17 903
1 8 634
0
0
0
1 9 325
2 7 745 13 793
4 3 764 4 681 10 744 13 580
0
0
0
1 20 791
2 11 402 13 646
2 2 735 6 282
2 1 370 15 199
0
0
1 20 864
0
1 4 145
1 10 570
0
0
0
1 10 127
1 17 541
2 9 396 13 107
2 6 841 13 89
1 19 887
2 8 666 13 653
0
0
1 18 654
0
2 1 456 5 750
2 3 406 20 54
0
0
1 7 783
1 20 173
0
0
0
0
1 10 361
1 11 813
1 3 455
0
2 12 392 13 169
1 13 846
0
1 11 194
0
0
0
0
1 6 729
0
1 5 752
0
1 18 845
0
1 13 160
1 20 796
2 2 765 4 181
2 15 212 16 268
1 18 726
0
0
1 17 808
1 17 435
3 8 6 10 732 18 838
1 12 459
1 7 399
0
3 1 494 13 515 14 220
0
2 3 509 5 804
0
1 11 767
0
1 9 830
2 13 730 17 35
2 10 309 11 371
1 10 414
0
0
0
1 10 852
1 10 599
2 9 923 19 413
0
0
1 6 232
1 6 896
0
3 6 574 7 55 18 662
1 12 805
2 3 547 20 938
1 11 297
1 4 475
1 7 886
0
2 13 403 17 2
0
0
0
0
0
0
0
1 6 753
2 16 269 18 840
1 18 285
2 10 820 20 26
3 5 256 15 853 20 865
2 12 824 17 537
1 10 248
0
0
2 17 866 20 849
0
1 9 281
1 1 498
0
1 11 553
0
0
1 13 300
2 2 299 17 29
1 10 216
2 9 45 14 882
1 4 102
0
1 11 578
1 10 797
0
0
1 3 328
1 18 50
0
2 13 228 17 223
1 20 794
2 5 293 6 659
0
2 8 597 11 211
1 16 708
1 14 869
1 10 283
0
0
1 10 4
0
3 3 584 16 91 19 368
3 1 558 12 957 20 180
2 8 687 17 880
0
3 6 876 7 287 19 322
0
0
1 3 628
1 13 491
0
2 6 405 17 218
0
0
1 20 736
0
1 13 673
0
1 6 203
1 12 117
1 18 802
1 19 539
1 16 618
2 9 338 10 275
2 5 367 18 122
0
2 2 825 11 925
0
2 1 631 18 782
0
0
2 4 421 7 394
1 20 302
2 1 680 20 331
1 13 847
1 19 669
0
2 7 668 10 351
2 3 109 10 914
0
0
1 7 243
1 17 10
1 18 860
1 10 523
0
1 6 897
0
0
0
1 20 759
1 9 355
0
2 1 691 3 761
2 15 200 17 889
0
1 4 909
0
2 5 387 6 478
1 9 827
0
2 1 697 7 332
1 13 316
1 17 956
1 14 118
2 10 66 15 193
0
1 9 227
2 10 14 13 958
3 5 390 10 800 11 657
3 7 906 12 195 13 727
1 8 786
0
1 9 74
3 2 466 5 512 17 454
1 6 784
0
1 9 613
0
0
0
2 5 389 16 18
1 4 179
2 3 785 11 22
1 16 267
1 4 733
0
1 12 253
3 4 839 13 762 18 692
2 13 75 18 519
1 3 242
1 6 740
2 11 327 20 942
0
0
0
0
1 10 476
1 3 858
1 6 477
1 18 487
3 5 777 13 83 19 444
0
0
1 7 333
1 13 616
0
0
1 13 481
2 11 639 20 135
1 17 11
2 1 766 11 737
0
1 4 718
1 14 831
1 2 53
0
2 10 771 11 855
1 6 86
1 4 604
2 6 530 16 149
0
0
1 13 119
0
0
1 9 291
1 12 915
3 6 330 11 123 19 895
2 15 571 17 976
0
0
0
1 14 911
0
2 10 419 18 37
0
0
1 19 931
1 3 701
2 9 157 13 51
1 7 921
1 6 932
2 8 815 20 854
0
0
0
0
0
0
0
2 9 483 11 397
0
0
0
2 6 867 8 73
1 5 153
1 17 47
2 16 25 20 979
1 4 721
0
1 7 705
1 14 598
2 10 307 18 345
1 4 301
1 9 271
2 8 870 11 778
0
0
1 1 837
2 3 350 14 907
1 13 894
1 10 398
0
0
0
0
0
1 8 583
1 4 412
2 2 760 17 933
2 10 696 19 781
0
2 3 924 6 625
3 7 196 12 879 20 92
0
1 15 817
0
0
0
0
0
0
0
1 17 704
0
2 6 658 13 146
1 17 411
2 7 828 9 210
2 5 789 19 313
1 11 163
1 7 607
1 16 264
0
0
2 6 222 14 698
0
1 10 929
0
0
0
2 3 972 15 811
2 6 763 8 60
4 4 19 5 835 13 795 18 289
2 9 76 18 920
1 1 643
0
1 14 563
1 6 380
1 20 225
1 16 694
1 11 358
1 7 577
0
1 20 695
0
1 2 61
0
1 7 898
1 15 875
1 1 878
2 2 857 4 803
1 14 966
0
2 11 375 12 814
0
1 12 20
1 13 919
1 13 872
0
2 6 810 13 154
1 12 780
0
1 6 445
1 3 353
0
0
0
2 1 360 10 167
0
0
1 2 514
2 5 525 8 440
1 17 265
4 11 384 12 244 18 848 19 372
0
0
0
2 13 172 20 642
1 13 276
0
1 12 1000
1 17 296
0
0
1 15 156
2 11 46 14 995
1 10 951
1 10 816
1 2 374
1 16 318
1 20 99
1 4 987
1 1 904
2 7 522 17 49
2 3 912 17 807
0
0
0
1 9 637
0
2 6 462 17 270
2 13 186 20 48
0
0
1 17 998
0
0
0
1 2 955
0
0
0
1 10 818
0
0
0
0
0
1 5 605
0
1 12 544
0
0
0
0
0
0
0
0
2 10 415 13 927
0
0
2 7 471 18 303
0
1 1 388
1 11 272
0
0
1 20 279
2 11 17 19 774
1 4 190
0
0
1 4 890
0
1 14 493
0
0
1 6 391
2 3 226 7 85
0
0
0
2 6 939 19 822
2 13 504 16 209
2 13 992 17 590
0
0
0
1 15 490
1 8 485
0
1 10 900
1 6 684
0
1 2 988
1 10 881
1 10 484
1 11 381
1 9 352
0
1 5 320
0
1 18 916
0
0
0
1 13 850
0
2 1 873 4 430
0
0
3 5 188 10 103 12 77
0
1 20 717
0
0
0
1 17 516
1 13 377
0
1 18 295
0
0
0
0
0
0
0
0
0
0
2 2 151 3 953
1 14 711
0
1 7 527
0
2 13 170 17 16
1 16 946
1 6 792
1 19 611
0
0
1 4 591
0
1 11 294
1 10 130
0
0
2 4 62 20 38
0
2 11 709 15 105
0
1 1 947
1 9 731
1 13 635
1 12 39
0
2 10 772 18 457
1 8 376
0
0
0
0
0
1 16 90
1 17 78
0
0
1 6 676
0
0
1 20 624
1 17 126
0
1 5 948
0
1 10 908
0
1 2 600
1 14 364
0
5 3 230 4 991 10 926 11 716 13 441
0
0
0
0
1 12 823
1 7 798
0
1 15 463
0
0
0
0
1 10 152
0
1 19 901
0
1 11 836
0
3 1 393 2 40 6 844
1 18 521
0
1 17 258
2 17 27 20 856
0
0
1 13 851
1 10 707
1 8 706
0
1 20 528
3 4 501 18 954 19 899
2 5 874 13 365
0
0
0
1 12 231
0
0
3 3 184 9 324 13 58
2 3 982 14 712
0
2 6 603 7 453
0
1 10 235
2 10 937 16 910
0
0
0
1 7 859
1 10 930
1 9 620
2 11 468 18 214
0
0
1 4 68
0
0
1 17 959
2 1 465 15 427
2 12 3 20 950
0
1 3 426
1 7 344
0
1 19 337
1 2 306
1 10 257
0
1 6 962
0
0
0
0
0
0
2 11 543 14 428
1 13 192
1 5 191
1 8 100
2 17 651 18 989
1 10 843
0
0
1 14 788
1 20 652
0
1 16 552
1 13 524
1 12 134
2 4 87 9 877
0
0
1 7 592
0
2 6 554 17 431
2 3 550 19 499
1 3 447
1 2 892
0
0
1 11 861
0
2 1 407 13 993
1 10 940
1 6 409
0
0
0
1 1 158
1 18 59
1 13 893
0
4 10 700 12 675 15 621 17 555
0
2 5 492 20 667
0
0
1 7 434
1 4 261
1 6 150
2 3 112 10 945
0
0
2 8 779 9 241
2 12 238 20 174
2 13 129 20 688
0
2 2 461 18 437
1 3 382
2 16 347 17 32
2 11 994 19 964
0
0
2 6 801 14 573
0
0
0
1 1 949
2 4 902 10 557
2 17 545 20 96
1 13 981
0
1 7 969
0
2 6 518 10 401
2 3 310 16 140
2 5 88 11 922
0
1 10 741
0
0
2 13 217 18 206
1 17 115
0
0
0
0
3 2 868 9 363 20 273
0
0
1 13 208
3 7 67 14 24 19 934
4 4 819 10 714 11 984 20 385
0
1 3 290
2 1 9 15 559
1 12 967
1 18 567
0
3 6 144 8 917 17 812
0
0
1 7 155
0
1 6 81
1 13 629
1 5 138
0
0
1 4 43
4 1 975 3 647 10 636 11 339
0
0
0
0
0
3 4 464 13 329 16 23
1 19 678
1 12 298
4 3 971 9 952 18 734 20 356
1 2 323
2 7 968 10 448
1 11 383
3 10 101 13 961 14 715
0
0
6 7 251 10 980 11 429 12 201 17 189 18 133
0
1 11 13
2 6 960 17 884
3 10 713 15 936 19 677
2 1 479 10 446
4 5 308 8 941 9 469 13 438
1 13 436
2 4 44 13 842
2 11 674 12 531
1 10 284
1 10 30
3 2 175 5 41 13 997
3 6 560 8 229 11 773
2 17 999 20 986
1 13 983
0
1 7 943
1 19 885
1 6 863
4 10 722 17 589 18 505 20 246
4 1 197 4 612 13 416 17 262
2 3 168 11 978
1 18 905
2 16 15 17 918
2 12 508 13 928
3 14 588 15 511 18 442
6 5 125 6 963 8 913 9 862 13 458 20 357
1 10 460
1 4 378
2 3 183 11 120
1 7 56
2 10 386 11 205
2 10 990 17 833
2 18 809 19 724
0
2 1 400 7 342
5 3 582 4 439 10 410 13 245 18 213
4 2 977 4 871 10 758 13 568
3 4 473 6 321 10 319
3 8 204 10 665 17 562
5 10 450 16 93 17 935 19 806 20 341
5 7 164 10 996 11 418 13 334 17 965
6 4 233 5 219 13 28 14 424 15 108 17 1
5 1 944 9 561 11 266 13 974 17 769
5 10 738 11 671 12 535 13 472 18 369
3 4 304 10 121 13 970
2 1 640 13 198
6 7 985 8 751 10 829 11 775 13 973 17 891
6 2 883 3 292 8 315 10 690 11 564 13 359
0
0
0
0
0
0
0
0
0
0
0
0
