20 1 440 2 127 3 848 4 46 5 5 6 613 7 777 8 747 9 132 10 987 11 886 12 637 13 608 14 48 15 513 16 887 17 818 18 544 19 496 20 415
0
0
0
0
0
0
0
0
0
0
0
0
0
0
0
0
0
0
0
0
0
1 17 927
1 13 664
0
0
0
0
0
0
0
1 10 599
0
0
0
0
0
1 11 575
1 20 925
0
0
1 4 604
0
0
1 13 728
0
0
0
3 5 17 7 622 14 594
0
0
1 6 526
0
0
0
1 18 402
1 10 226
0
0
0
0
1 13 696
2 2 669 9 275
0
1 3 145
0
2 1 53 12 33
3 15 366 16 234 19 117
0
0
1 17 6
1 11 684
1 13 4
0
0
0
0
0
0
1 10 929
0
1 4 770
0
1 20 618
1 8 72
0
1 7 800
0
0
1 6 778
0
0
1 18 280
0
0
1 5 796
0
0
1 13 430
0
0
0
1 6 103
1 3 181
0
0
0
0
1 11 516
0
1 17 345
0
3 1 295 13 151 14 953
0
0
1 12 419
0
1 7 413
1 4 361
0
2 9 170 10 57
0
0
1 20 638
0
0
0
0
0
0
2 10 569 13 119
1 15 388
0
2 2 16 19 894
0
0
0
2 6 653 16 207
0
0
0
0
0
0
0
1 18 907
2 11 847 12 625
1 13 457
0
0
0
0
1 13 299
0
0
1 3 760
2 10 541 17 443
1 5 268
0
1 10 487
1 8 441
1 1 525
0
2 7 253 14 152
0
1 6 92
0
0
2 4 836 9 745
0
0
1 13 702
2 18 40 20 11
0
0
0
0
1 17 452
0
1 2 844
0
0
1 10 826
0
1 11 71
0
0
0
0
0
1 19 45
1 20 27
1 13 759
0
0
0
4 1 732 3 576 6 146 15 899
2 7 874 10 445
0
3 4 231 12 218 16 97
0
0
1 5 898
0
0
0
0
0
0
0
0
0
2 6 404 18 362
1 17 528
0
0
0
2 9 783 14 243
2 8 897 20 203
1 10 84
0
1 11 98
0
0
0
1 19 25
0
0
0
0
2 6 931 13 838
0
0
4 3 297 4 930 7 620 10 68
0
2 1 959 17 546
0
0
0
0
0
2 12 477 20 465
0
3 5 427 10 950 15 360
0
0
0
0
1 16 337
1 20 962
1 2 730
1 13 149
1 3 141
1 18 51
0
1 6 991
1 7 421
0
1 14 263
0
0
1 19 106
0
1 12 37
1 4 843
2 11 552 13 524
2 10 269 17 134
0
0
0
1 9 116
0
2 1 35 8 933
0
0
1 20 932
0
0
1 17 877
1 18 592
2 12 62 13 579
0
1 6 554
1 11 451
3 2 431 7 405 16 123
0
0
1 15 447
1 13 587
1 14 327
1 20 892
1 5 861
2 6 556 10 940
1 3 661
0
0
0
1 18 194
0
1 7 60
0
3 1 50 10 59 17 47
1 11 485
0
2 8 937 9 746
0
1 20 736
1 4 700
1 6 646
1 19 492
0
0
0
0
0
1 2 399
0
0
2 10 371 18 300
1 5 623
1 3 707
3 6 372 14 188 16 729
0
1 9 434
2 17 105 20 945
0
2 4 923 7 609
2 12 238 17 10
0
0
2 13 688 15 437
0
0
0
0
1 10 382
0
0
1 9 32
1 17 994
0
3 11 964 13 573 18 432
0
1 1 756
1 3 523
1 2 403
1 20 96
0
1 13 29
1 8 19
1 10 12
0
1 4 992
1 19 518
0
1 7 310
3 6 85 10 38 18 463
0
0
0
1 11 497
0
2 13 278 17 34
0
1 20 741
1 5 719
0
0
0
2 3 590 12 670
0
1 9 217
0
2 1 58 17 988
0
1 15 619
0
1 10 273
1 10 67
1 10 24
0
0
2 8 112 16 875
0
4 7 501 11 797 19 714 20 489
0
1 10 79
3 13 65 14 984 18 958
1 5 753
0
1 13 748
0
0
0
0
1 20 720
2 9 658 17 574
1 12 285
0
0
1 10 142
2 2 768 13 91
1 11 860
0
1 1 9
0
1 6 824
2 4 533 18 470
0
0
0
0
2 14 136 20 967
1 17 628
1 16 567
0
4 3 813 10 634 13 519 15 481
0
0
2 1 716 9 244
0
2 13 144 19 2
5 4 825 5 542 6 610 8 557 18 534
0
1 7 398
0
0
0
1 20 155
1 9 66
0
1 12 375
1 10 828
0
3 11 912 13 805 17 600
0
2 10 565 18 43
1 3 975
1 17 946
0
0
1 7 490
0
0
1 14 186
1 6 679
2 2 435 9 162
1 17 23
2 13 681 16 648
1 19 3
0
2 13 706 20 88
1 3 330
0
1 18 78
2 12 762 15 356
0
0
3 6 742 8 282 17 250
0
0
1 1 95
2 10 968 13 831
2 5 191 9 817
2 6 839 12 835
0
2 10 801 13 782
0
1 17 340
0
1 18 757
1 20 744
1 3 384
0
2 2 710 16 537
1 13 784
1 1 448
1 4 879
0
1 10 254
1 9 916
1 10 318
0
0
1 6 868
1 8 101
2 7 70 20 740
2 12 917 18 715
1 3 672
1 1 309
1 6 980
0
2 11 880 19 876
2 11 725 20 633
0
1 13 878
1 15 429
2 17 417 20 682
1 7 711
1 16 111
1 5 643
3 2 265 6 237 9 189
0
1 3 177
0
2 8 893 13 133
0
4 9 749 11 13 18 8 19 960
1 14 884
1 6 593
2 1 486 12 283
1 10 267
0
0
1 11 196
0
1 13 64
0
1 3 657
1 4 446
1 10 313
1 6 650
1 18 31
0
3 7 251 11 308 15 820
2 11 102 13 150
0
2 4 754 14 469
0
2 1 236 17 180
1 5 44
0
2 2 363 3 733
0
0
2 6 655 19 549
4 12 156 13 693 16 291 20 284
1 18 75
1 1 87
0
0
3 7 317 10 255 17 54
1 4 30
2 15 793 20 394
0
2 8 743 13 175
2 5 126 17 41
2 3 454 20 789
0
1 6 560
1 10 165
1 10 176
2 13 859 17 773
2 4 881 20 514
2 13 379 14 983
1 6 943
1 19 885
1 13 863
1 7 722
2 2 589 16 532
2 1 104 20 901
1 13 416
0
3 6 846 9 841 17 794
0
3 10 99 13 324 18 89
2 4 978 15 905
0
3 10 197 11 626 18 503
0
1 16 559
2 13 15 20 918
3 1 908 14 642 19 159
0
1 7 928
1 20 395
2 13 583 18 125
0
2 4 685 11 49
1 11 140
2 2 832 8 862
1 20 857
3 7 795 10 827 17 357
1 10 858
0
2 13 332 19 668
1 13 383
0
2 1 999 18 460
1 20 378
1 12 252
1 16 183
2 6 120 15 855
0
2 13 595 17 453
1 18 190
3 4 779 11 703 14 56
2 1 727 19 814
1 11 755
0
3 8 596 13 624 20 586
3 2 915 16 474 20 386
1 20 205
2 3 187 20 174
2 6 21 20 809
2 5 511 17 724
3 12 311 14 348 20 721
1 18 290
0
2 9 616 20 551
0
2 4 94 6 495
2 3 343 19 342
1 10 870
5 3 527 6 353 11 538 17 580 20 615
2 15 920 20 776
3 9 966 10 588 17 763
1 17 627
0
1 16 488
2 18 790 20 582
2 5 695 17 540
0
2 10 423 17 355
1 10 245
3 10 172 13 166 20 55
2 10 951 19 888
2 10 77 20 473
1 17 61
3 7 182 13 130 17 221
0
0
2 19 969 20 956
0
2 4 158 17 143
0
1 6 938
0
0
0
2 3 602 11 629
0
0
1 20 979
1 13 274
1 17 871
4 6 957 9 204 10 852 17 692
4 10 346 13 420 14 919 17 921
0
0
1 1 816
1 4 734
2 2 981 19 774
2 7 239 11 202
1 17 995
1 12 325
0
0
1 9 665
1 18 890
1 13 500
0
0
0
4 4 507 6 499 9 997 16 584
0
3 10 373 15 812 19 952
0
0
1 20 566
1 5 562
1 14 517
0
2 8 396 12 675
0
0
0
1 5 358
2 11 522 13 286
1 20 539
2 3 635 20 563
1 2 644
0
1 9 272
1 19 93
5 10 449 12 611 14 69 16 856 20 810
1 20 806
2 6 791 20 483
2 13 577 20 365
0
2 9 288 19 128
0
1 6 996
3 2 80 13 666 14 780
0
3 5 331 7 941 16 249
1 6 409
1 20 458
2 17 321 20 418
1 17 334
2 1 798 14 329
2 4 242 9 224
0
2 14 211 19 169
2 10 74 17 882
3 10 135 16 335 20 808
2 7 260 9 601
0
1 20 830
2 4 193 19 210
0
2 6 896 20 262
2 15 305 18 131
4 6 976 10 934 17 911 18 215
1 13 961
1 5 389
1 20 936
0
0
1 9 649
1 10 701
3 3 314 15 993 17 338
0
1 13 977
0
0
0
1 20 28
1 18 18
1 20 895
1 13 502
0
1 11 347
2 12 247 19 86
3 7 90 10 316 18 100
2 5 328 20 438
2 6 163 19 442
3 4 555 11 570 13 400
3 1 381 13 289 17 63
1 17 81
0
1 20 36
3 10 377 11 26 13 20
0
2 5 376 14 412
2 11 118 12 326
2 8 39 13 468
0
0
0
1 19 491
0
1 20 110
0
2 10 115 17 464
0
2 13 257 18 264
1 2 113
1 3 392
2 10 1 13 944
3 10 572 13 561 15 277
0
2 9 266 16 184
2 10 581 18 137
1 18 147
0
0
5 4 161 6 201 7 974 13 840 16 738
4 7 689 9 671 13 535 17 472
1 15 336
2 7 787 12 350
2 13 368 17 414
3 13 475 17 444 20 114
0
2 2 153 9 124
0
0
1 3 459
0
3 14 206 16 471 19 436
0
1 6 424
0
2 4 369 5 304
0
1 11 154
2 6 258 17 121
2 4 83 17 52
2 1 82 17 970
0
0
3 5 708 6 640 17 585
1 12 354
2 10 645 16 656
3 4 397 6 614 12 198
2 13 173 20 199
0
2 12 478 17 641
2 5 652 6 659
0
1 19 802
1 18 240
1 17 654
0
1 8 662
0
1 9 178
0
2 13 208 19 889
2 4 216 14 157
0
1 3 476
2 6 731 10 545
0
2 2 484 12 704
1 20 212
0
0
0
1 14 223
0
0
3 4 301 7 698 10 235
4 10 686 13 726 16 504 17 229
1 11 168
1 19 942
0
1 13 219
1 11 270
1 17 225
1 13 179
2 13 303 17 230
2 5 214 11 73
0
0
1 12 709
0
2 4 673 8 352
2 10 349 15 422
0
3 11 751 18 548 20 482
2 7 467 11 391
1 11 351
1 20 571
0
1 11 380
1 7 506
1 17 7
4 6 42 16 632 17 829 18 775
0
1 1 138
0
1 18 109
1 15 426
2 17 949 19 971
1 14 307
0
0
0
0
1 13 122
0
1 3 521
0
0
0
1 13 195
1 18 167
2 9 209 10 192
0
1 2 410
1 17 370
1 12 185
1 11 739
1 5 227
4 11 462 12 248 13 456 17 256
0
2 3 279 5 222
2 1 139 6 406
1 19 294
0
3 10 493 13 494 18 515
1 16 677
1 5 281
1 4 676
0
0
2 5 287 14 712
0
0
3 2 455 6 344 17 293
1 19 298
0
1 15 213
1 7 568
0
2 16 651 20 107
1 8 667
1 10 428
1 20 129
0
1 10 160
1 12 306
1 18 591
2 4 508 7 233
1 13 498
0
1 17 367
1 10 374
3 4 553 6 834 15 232
0
1 7 200
1 4 891
2 4 883 8 292
3 11 674 18 315 19 799
3 10 512 13 505 18 439
2 7 271 10 246
2 15 241 18 550
3 9 612 11 302 18 690
3 11 401 13 385 18 320
2 4 903 6 910
3 3 14 10 598 20 564
3 8 603 10 636 19 407
0
0
1 20 22
0
4 14 323 3 479 1 148 17 387
0
0
0
0
0
1 18 76
1 19 333
0
0
1 13 390
0
0
0
1 16 466
2 9 339 12 359
0
0
0
3 10 220 20 171 5 164
0
0
0
0
0
2 17 259 13 509
0
0
0
0
1 7 547
0
5 11 955 3 906 12 948 1 228 14 922
0
0
0
0
0
0
0
0
0
0
0
0
0
0
0
0
0
2 9 296 5 276
0
4 2 312 20 261 6 322 13 530
1 4 108
0
1 10 607
0
3 15 411 8 364 1 393
0
0
0
0
0
0
0
1 16 558
0
0
0
0
0
0
0
1 17 621
0
0
0
0
0
0
0
2 18 1000 4 319
0
0
0
0
0
0
1 13 341
0
0
0
0
0
0
0
0
0
2 6 605 19 631
0
0
0
0
1 7 408
1 20 425
0
0
2 12 680 10 647
0
0
0
0
0
0
0
0
1 11 433
0
0
0
0
0
0
0
0
0
0
3 14 761 3 691 5 713
0
0
0
0
0
0
0
0
0
0
0
0
1 4 697
0
0
0
0
4 9 461 17 520 13 510 1 480
0
0
0
2 16 543 2 617
2 7 531 19 606
1 8 450
0
0
1 20 529
0
0
1 6 660
0
0
1 10 536
5 12 705 18 630 3 683 5 639 11 663
1 17 735
0
1 13 578
0
0
0
0
0
0
3 15 694 1 785 19 723
0
5 20 766 2 678 11 718 7 737 8 597
0
0
0
1 10 803
1 3 771
0
0
1 5 750
0
2 14 687 4 717
0
0
3 13 823 9 699 11 821
2 7 811 6 872
0
0
2 8 864 12 954
0
1 18 873
0
0
0
1 19 765
0
1 1 833
0
0
0
2 6 772 11 851
0
0
4 16 792 7 819 2 752 17 845
0
1 10 913
0
0
0
0
1 3 973
1 5 939
1 13 837
2 1 804 11 822
0
0
0
0
0
1 10 764
0
0
0
0
0
0
0
0
0
1 17 758
0
0
2 12 935 8 965
0
1 20 767
0
0
0
0
0
0
0
0
0
0
0
0
0
0
0
2 2 786 6 769
0
0
0
4 3 853 7 850 9 849 4 865
0
0
0
0
0
0
0
0
0
1 15 866
2 17 788 5 781
0
0
0
0
0
0
0
0
0
0
0
1 13 869
0
0
0
0
0
0
2 10 914 8 807
0
0
0
0
0
2 20 926 12 982
2 18 947 14 900
0
0
0
0
0
0
0
0
0
2 6 909 1 854
0
0
1 11 902
0
0
0
0
0
0
0
0
0
3 16 842 4 815 19 990
0
0
0
0
0
0
1 15 867
0
0
0
0
0
0
0
1 7 904
2 5 998 9 963
0
0
0
0
0
0
0
0
0
0
0
0
0
0
0
0
0
0
0
0
0
0
0
0
0
1 17 985
0
0
0
0
0
0
0
0
0
0
0
0
0
0
0
0
0
0
0
0
0
0
0
1 10 924
0
0
0
0
1 13 972
0
0
0
0
0
0
0
0
0
0
2 3 989 8 986
0
0
0
0
0
0
0
0
0
0
0
0
0
0
0
0
0
0
0
0
0
0
0
0
0
0
0
0
0
0
