20 1 1 2 2 3 4 4 5 5 6 6 7 7 8 8 9 9 10 10 11 11 12 12 13 13 14 14 15 15 16 16 17 17 18 18 19 19 21 20 23
1 17 24
1 13 25
0
1 6 26
1 1 27
0
0
1 6 28
1 19 29
1 14 30
1 6 32
1 12 33
0
1 20 34
1 18 35
0
0
1 17 36
2 9 37 20 40
0
0
2 2 41 13 43
1 7 44
1 10 45
2 6 46 17 47
1 11 48
1 14 49
0
0
0
0
1 14 51
0
1 19 52
1 8 53
3 2 54 10 57 13 59
1 19 60
0
0
0
0
1 7 61
1 18 63
0
1 20 64
2 7 65 10 67
1 10 68
1 17 69
1 17 71
0
1 4 72
0
0
3 1 79 9 83 18 84
1 3 89
2 13 91 20 92
3 2 93 3 97 10 101
0
1 7 103
1 10 106
1 12 116
0
1 9 117
0
0
0
1 16 119
1 5 120
0
0
3 13 121 14 125 15 127
2 2 132 11 133
0
0
1 19 136
0
2 5 141 10 144
1 13 145
0
0
0
0
1 12 146
1 6 149
0
0
1 14 151
0
1 10 152
0
2 11 155 20 162
0
0
2 1 165 18 166
0
0
1 17 170
1 18 172
1 18 174
4 4 175 6 177 8 180 19 183
0
0
1 10 187
2 1 189 18 190
1 20 194
2 4 196 10 198
2 10 203 13 205
3 3 207 6 217 13 218
1 7 226
0
1 11 227
0
0
1 12 231
1 11 234
1 18 236
2 13 237 19 238
1 1 242
0
1 5 244
1 8 245
2 4 250 10 253
0
1 18 254
1 16 258
0
0
1 8 263
3 6 265 17 268 20 272
1 1 273
0
2 4 275 13 277
3 9 280 10 282 13 283
1 18 285
2 5 291 16 292
2 10 295 20 297
0
1 12 299
0
1 6 300
0
0
1 13 305
2 2 308 13 309
1 11 310
2 15 329 16 330
0
0
1 5 334
1 13 337
0
1 6 342
1 3 343
3 1 345 7 354 13 356
2 3 360 17 361
2 6 362 15 366
0
2 11 371 20 379
1 19 382
4 2 391 5 398 14 399 18 402
0
2 7 404 13 413
0
0
1 10 415
1 2 418
1 16 419
1 8 421
0
0
2 2 423 20 429
0
0
1 11 430
0
1 20 432
1 4 435
0
1 2 437
0
0
0
1 7 440
1 12 441
0
0
2 4 443 6 445
0
1 3 447
0
1 5 448
1 17 451
0
0
1 13 453
0
1 18 457
1 10 460
2 9 465 19 469
1 13 470
0
2 10 472 11 474
2 2 482 10 483
2 10 487 14 489
1 11 492
1 1 495
0
2 2 496 20 502
1 1 503
0
0
2 5 513 16 516
3 3 518 17 519 20 523
0
1 13 524
0
0
2 1 525 4 526
1 14 532
2 12 534 15 537
0
0
1 8 541
0
3 6 544 17 546 19 549
0
1 10 551
1 10 552
1 11 554
1 13 556
1 7 560
0
0
0
0
1 14 561
0
0
3 3 562 7 567 13 569
2 3 572 10 573
4 3 574 11 575 18 576 20 579
0
2 9 582 10 584
2 10 592 14 593
0
1 19 594
0
1 15 598
0
1 12 599
0
0
2 1 600 13 604
0
1 9 608
1 17 609
0
0
1 6 613
0
2 4 616 18 618
2 16 619 20 620
2 4 622 10 625
1 15 633
0
0
1 14 637
0
0
2 3 638 5 642
0
0
1 7 646
0
2 11 653 17 657
1 13 658
0
1 1 661
1 17 664
0
1 10 665
2 10 668 20 670
0
3 2 672 10 681 15 684
2 8 696 13 710
0
0
0
0
2 10 715 12 719
1 5 720
0
0
0
3 7 721 13 724 16 725
0
1 13 733
0
3 3 736 10 738 11 740
1 10 741
1 20 745
4 12 746 13 747 18 748 19 754
1 7 756
1 11 757
0
1 2 760
0
0
0
3 1 763 6 770 17 773
0
0
0
2 3 777 10 778
2 4 780 5 791
1 4 793
1 4 796
2 9 800 18 805
2 1 813 7 814
0
2 11 817 17 818
2 5 820 7 826
1 19 828
0
2 11 829 12 831
1 16 836
0
0
2 11 838 18 843
1 13 844
0
0
1 14 847
1 5 848
0
0
1 1 852
0
0
1 6 857
0
1 1 859
2 17 861 20 862
3 10 863 12 874 19 875
1 20 877
2 8 880 10 882
1 10 884
0
1 6 885
0
0
2 2 886 6 887
0
0
2 10 891 11 892
2 10 894 13 895
1 9 897
1 7 899
0
2 4 901 13 905
2 1 907 18 918
0
2 8 925 15 927
0
0
1 18 928
0
2 13 929 20 930
0
1 17 931
1 18 932
0
1 3 940
0
2 16 945 19 946
0
2 11 950 12 958
1 4 959
1 7 962
0
0
0
1 14 964
0
0
1 10 967
0
1 18 968
0
0
2 6 970 17 974
3 6 975 17 978 20 980
1 10 984
1 3 987
0
1 9 988
3 7 994 17 22 19 42
0
2 13 94 20 112
0
0
3 4 86 6 104 12 3
1 4 88
3 5 58 10 56 11 90
1 10 38
1 18 70
1 6 85
1 16 140
2 1 50 7 130
0
1 17 66
0
0
1 14 131
1 4 80
0
0
1 13 31
0
0
0
0
2 8 81 9 96
3 14 102 18 150 20 55
1 2 126
2 10 20 20 62
1 10 78
1 3 115
0
1 13 100
2 12 142 17 105
0
1 10 98
1 17 182
1 19 95
0
1 17 134
2 5 186 7 176
0
0
0
0
0
1 3 266
2 3 191 13 181
0
0
1 12 224
2 16 294 17 290
3 9 200 11 251 15 284
1 1 267
1 18 255
0
2 11 317 12 340
0
1 20 247
3 6 123 8 368 9 318
0
0
1 17 347
2 16 363 19 355
1 20 338
1 8 314
1 10 324
1 17 357
0
1 4 353
0
2 10 269 18 375
1 19 397
2 6 384 11 278
0
3 2 327 7 386 13 394
1 13 486
1 1 332
1 13 395
3 7 378 15 490 17 414
2 3 434 17 511
0
1 5 403
0
2 6 488 13 446
1 17 463
0
2 7 497 20 527
2 1 538 13 431
0
0
0
0
0
0
2 13 481 18 485
1 14 533
2 10 570 12 542
0
0
1 16 557
3 3 452 10 388 17 405
0
1 19 416
0
0
0
1 11 427
0
0
1 13 473
0
1 4 577
0
0
1 13 566
1 13 580
3 2 615 6 559 19 585
0
0
2 1 589 7 590
1 13 565
2 9 571 17 623
2 4 587 20 636
0
0
1 10 650
1 14 601
1 6 586
1 1 700
3 6 671 8 714 20 535
0
1 6 540
2 16 583 19 628
1 2 716
3 5 706 13 669 20 688
2 12 722 18 730
1 6 753
1 10 789
0
0
2 3 711 15 648
1 14 707
0
0
0
3 10 729 11 728 12 627
0
1 17 744
1 20 702
0
0
1 17 768
0
0
0
0
0
1 13 856
3 5 916 8 727 13 749
1 12 876
0
0
1 1 799
0
1 10 808
2 10 883 17 919
3 10 921 12 908 15 936
3 7 961 9 810 16 888
3 1 809 4 870 6 923
0
0
0
2 10 991 14 960
1 2 163
3 4 159 9 143 20 158
1 1 933
1 12 996
2 3 215 16 111
1 4 128
2 4 898 18 953
0
1 19 74
2 13 77 19 39
2 12 75 17 82
2 7 73 20 107
0
0
1 20 139
2 5 202 15 239
0
2 11 221 14 87
2 6 260 7 246
1 10 298
1 10 279
1 11 407
1 3 444
0
2 1 110 11 118
0
0
0
1 7 113
0
0
0
1 9 188
0
1 12 179
1 12 243
1 6 454
2 2 313 7 475
1 13 381
0
0
1 16 383
0
1 18 417
0
2 3 514 4 369
0
0
0
1 4 640
4 5 372 10 507 17 602 20 629
0
1 4 501
1 8 548
1 20 588
1 1 564
0
1 14 610
1 12 392
3 13 595 19 626 20 655
1 3 477
0
1 1 528
0
1 11 649
2 7 701 13 881
1 8 634
2 10 941 16 695
0
1 10 830
0
3 10 682 17 651 19 995
1 13 966
1 15 732
1 18 759
0
1 4 999
1 13 956
1 6 969
0
0
0
2 4 252 12 169
0
1 9 211
0
2 12 797 17 692
1 17 794
1 4 827
0
0
1 10 841
2 7 846 13 135
0
3 3 129 8 160 14 762
1 6 783
1 1 951
3 2 992 4 76 20 274
1 20 937
0
1 11 99
0
0
0
0
0
2 12 316 17 328
0
0
0
0
2 5 124 17 153
2 3 206 11 137
1 11 156
2 1 204 6 983
0
1 13 286
0
2 1 109 20 122
2 14 138 16 148
0
1 9 816
2 10 114 18 555
0
0
1 7 154
2 13 478 15 596
0
2 3 624 10 632
0
2 1 896 6 641
1 12 685
1 8 249
1 20 321
1 17 331
2 5 467 13 517
1 19 459
0
1 1 471
1 4 193
1 20 210
3 5 262 10 734 13 311
2 16 348 18 693
2 6 979 12 643
0
0
1 17 679
0
3 2 858 7 304 14 346
1 8 708
1 20 739
0
1 5 795
2 7 798 10 376
1 1 412
1 8 197
0
1 20 147
0
0
0
1 17 161
0
0
2 6 855 18 860
1 17 184
1 17 801
1 4 751
1 4 257
1 12 264
1 17 938
0
0
0
2 6 288 11 365
0
1 13 824
0
2 8 173 11 199
3 3 167 6 192 9 377
1 12 232
0
1 16 195
1 20 214
2 10 157 19 178
1 10 484
0
1 12 911
1 1 934
3 4 108 7 506 17 677
1 4 164
0
1 13 171
1 17 220
0
1 5 654
0
1 4 662
2 3 703 15 389
0
1 10 168
1 10 335
2 12 230 13 802
0
0
1 14 834
1 6 742
2 4 743 13 779
0
1 18 201
1 20 289
0
2 6 667 11 920
0
1 2 325
1 20 458
2 14 326 20 420
3 1 219 10 225 16 240
2 6 476 10 504
0
0
1 3 545
0
1 12 229
0
2 4 235 9 302
2 1 424 18 436
1 10 957
0
1 17 825
4 1 871 8 213 9 644 13 675
2 5 689 10 977
0
0
1 9 993
0
2 1 259 12 373
2 5 673 7 889
0
4 3 912 10 944 14 782 18 835
2 4 839 10 212
1 13 223
0
0
1 15 903
0
1 11 910
1 2 336
3 7 351 8 222 19 303
1 6 755
1 13 774
0
0
2 7 806 20 832
0
0
0
0
0
0
2 8 840 13 228
0
2 7 208 12 216
0
1 17 320
2 4 385 8 401
0
1 18 726
2 14 976 20 997
2 10 666 17 787
0
2 6 350 9 315
2 1 400 18 438
0
0
0
2 12 442 16 952
0
2 11 358 20 396
0
3 1 942 13 185 18 209
2 9 521 13 307
1 10 380
0
0
0
1 4 499
1 13 500
0
0
1 16 233
3 6 241 11 812 15 449
0
1 12 879
3 3 868 7 917 9 784
1 5 915
1 10 323
0
0
0
0
2 8 776 16 261
1 20 312
2 2 322 10 775
1 10 270
2 10 301 13 276
0
0
1 1 296
0
0
3 4 248 6 256 10 281
0
0
1 19 409
2 3 906 8 922
1 10 948
1 18 955
2 6 568 17 676
1 11 479
0
0
0
0
2 2 464 16 468
1 7 491
1 20 349
0
1 13 422
2 10 344 11 522
1 19 539
0
2 6 581 14 949
0
0
1 13 971
0
1 1 352
0
0
1 9 790
0
2 4 287 13 293
2 2 364 12 411
1 19 408
0
1 10 319
1 10 426
0
0
0
0
2 16 341 19 878
1 7 271
2 8 306 17 943
0
0
0
1 5 563
0
0
1 17 635
0
1 18 425
2 3 981 5 1000
1 16 611
1 6 614
0
3 10 645 13 656 14 367
0
2 1 374 6 652
1 19 659
0
0
1 4 893
1 15 333
1 18 433
0
0
1 7 339
1 19 359
0
2 13 690 20 698
1 11 731
1 6 686
2 9 370 19 410
1 13 890
1 17 704
0
0
1 10 709
0
1 8 712
0
4 17 406 20 428 2 456 9 462
1 17 455
0
0
0
0
0
1 7 508
0
0
4 13 461 3 480 19 510 20 520
0
0
0
0
1 4 439
0
2 18 543 13 617
0
7 7 529 1 450 4 630 5 639 6 663 20 683 3 705
1 12 735
0
0
2 13 531 6 606
0
0
0
0
0
3 10 694 19 660 11 723
1 5 387
2 6 821 16 823
0
2 20 717 14 536
0
0
0
0
1 11 699
0
0
1 1 390
3 3 493 7 494 8 515
0
0
1 13 864
0
0
1 4 466
1 5 393
1 2 758
0
0
0
0
0
0
0
0
3 6 764 18 765 1 939
0
0
1 15 509
0
0
0
0
0
0
0
0
0
0
0
0
1 10 591
0
1 2 674
1 14 965
0
0
0
0
0
2 11 498 12 553
0
1 13 530
0
0
1 17 607
1 9 750
0
0
0
1 20 578
0
0
0
0
1 16 547
0
1 6 621
0
0
2 8 597 10 678
0
0
2 1 505 7 512
0
0
0
0
2 4 781 3 788
2 14 550 13 603
1 19 687
0
0
0
0
0
1 2 807
0
0
0
0
1 12 612
0
0
4 5 752 15 792 17 819 20 845
0
0
0
0
0
0
0
0
1 10 902
0
0
0
0
0
0
0
0
0
3 11 767 18 804 7 822
0
0
0
0
0
0
0
0
0
0
1 8 558
0
0
0
0
0
0
0
0
0
0
0
0
2 4 769 6 786
0
0
0
0
0
0
0
0
0
0
0
0
0
0
0
0
0
0
0
6 1 605 14 631 9 849 20 850 2 853 12 865
0
0
0
0
0
0
1 13 866
1 17 869
0
0
0
0
0
2 5 815 11 842
0
0
2 10 647 3 680
0
0
0
0
0
0
0
1 16 867
0
0
0
0
1 19 914
0
0
0
0
0
0
0
3 4 691 7 713 15 761
0
0
0
0
0
0
0
0
0
1 8 697
0
0
0
2 18 900 12 947
0
0
0
0
0
0
0
0
0
0
1 13 924
0
0
0
2 6 854 14 909
3 11 972 5 926 20 982
0
1 10 990
0
0
0
0
0
0
0
0
0
0
0
0
0
0
2 9 986 3 989
0
0
0
0
0
0
0
0
0
1 4 785
0
0
0
0
0
0
0
0
0
0
0
0
2 17 811 7 872
0
0
0
1 1 873
1 16 954
2 2 963 13 998
0
0
0
0
0
0
3 19 718 18 737 10 766
0
0
0
0
0
0
0
0
0
0
1 11 771
0
0
0
0
0
0
1 20 803
0
0
1 6 837
0
0
0
0
0
0
0
0
3 15 772 12 851 9 973
0
0
0
0
0
0
0
0
0
1 5 913
0
0
0
0
0
0
0
0
0
0
1 4 833
2 17 904 7 935
0
0
0
0
0
0
0
0
0
0
0
0
0
0
0
0
0
0
0
0
1 14 985
0
0
0
0
0
0
0
0
0
0
0
0
0
0
0
0
0
