#s 1 5 5 5 5 5 5 5 5 5 5 5 5 5 5 5
#s 2 5 5 5 5 5 5 5 5 5 5 5 5 5 5 5
#s 3 5 5 5 5 5 5 5 5 5 5 5 5 5 5 5
#s 4 5 5 5 5 5 5 5 5 5 5 5 5 5 5 5
#s 5 5 5 5 5 5 5 5 5 5 5 5 5 5 5 5
#s 6 5 5 5 5 5 5 5 5 5 5 5 5 5 5 5
#s 7 5 5 5 5 5 5 5 5 5 5 5 5 5 5 5
#s 8 5 5 5 5 5 5 5 5 5 5 5 5 5 5 5
#s 9 5 5 5 5 5 5 5 5 5 5 5 5 5 5 5
#s 10 5 5 5 5 5 5 5 5 5 5 5 5 5 5 5
#s 11 5 5 5 5 5 5 5 5 5 5 5 5 5 5 5
#s 12 5 5 5 5 5 5 5 5 5 5 5 5 5 5 5
#s 13 5 5 5 5 5 5 5 5 5 5 5 5 5 5 5
#s 14 5 5 5 5 5 5 5 5 5 5 5 5 5 5 5
#s 15 5 5 5 5 5 5 5 5 5 5 5 5 5 5 5
#s 16 5 5 5 5 5 5 5 5 5 5 5 5 5 5 5
#s 17 5 5 5 5 5 5 5 5 5 5 5 5 5 5 5
#s 18 5 5 5 5 5 5 5 5 5 5 5 5 5 5 5
#s 19 5 5 5 5 5 5 5 5 5 5 5 5 5 5 5
#s 20 5 5 5 5 5 5 5 5 5 5 5 5 5 5 5
20 1 166 2 277 3 7 4 354 5 572 6 69 7 423 8 343 9 21 10 474 11 503 12 165 13 187 14 237 15 549 16 236 17 254 18 250 19 633 20 534
#s 6 5 5 6 5 5 5 5 5 5 5 5 5 5 5 5
1 6 34
#s 3 5 5 5 5 5 5 5 5 5 5 5 5 5 5 5
1 3 263
#s 5 5 5 5 5 5 5 5 5 5 5 5 5 5 5 5
#s 7 5 5 5 5 5 4 5 5 5 5 5 5 5 5 5
2 5 42 7 97
0
#s 4 5 5 5 5 5 5 1 5 5 5 5 5 5 5 5
#s 10 5 5 5 5 5 5 5 5 5 5 5 4 5 5 5
2 4 404 10 594
0
#s 2 5 5 5 5 5 5 5 5 5 5 5 5 5 5 5
1 2 72
#s 17 5 5 7 5 7 5 7 5 5 5 5 5 5 5 5
1 17 443
#s 11 5 1 5 5 5 5 5 5 5 5 5 5 5 5 5
#s 18 6 5 5 6 9 5 5 5 5 5 5 5 5 5 5
2 11 12 18 362
#s 13 5 5 1 5 5 5 5 5 5 5 5 5 5 5 5
1 13 340
#s 9 0 5 5 5 3 5 5 5 5 5 5 5 5 5 5
#s 12 5 5 0 5 5 5 5 5 5 5 5 5 5 5 5
#s 20 5 5 9 5 7 5 5 5 5 5 5 5 5 5 5
3 9 619 12 79 20 94
#s 6 5 5 12 5 5 5 5 5 5 5 5 5 5 5 5
#s 8 5 5 5 5 5 5 0 5 1 5 5 5 5 5 5
#s 14 5 3 5 5 5 5 5 5 5 5 5 5 5 5 5
3 6 247 8 104 14 176
0
0
0
#s 1 5 5 5 5 5 5 5 5 5 5 5 5 5 5 5
#s 6 5 5 12 5 5 5 5 5 5 5 5 5 5 5 5
#s 13 9 10 1 5 5 8 22 9 5 5 6 5 5 12 5
3 1 182 6 664 13 132
#s 19 5 5 3 5 5 5 5 5 5 5 5 5 5 5 5
1 19 575
0
0
0
0
0
0
0
#s 15 5 5 0 5 5 5 5 0 5 1 5 5 5 5 5
#s 16 0 5 5 5 0 5 2 5 5 5 5 5 5 5 5
2 15 317 16 255
0
0
#s 8 2 5 5 5 5 5 0 5 1 5 5 5 5 5 5
1 8 159
#s 17 5 8 13 10 11 5 7 5 5 5 5 5 5 5 5
1 17 452
#s 10 5 5 5 16 6 5 7 5 6 7 5 4 16 5 5
1 10 648
0
#s 3 5 8 5 5 5 5 5 5 5 5 5 5 5 5 5
#s 9 0 5 5 5 3 5 10 5 5 5 5 5 5 5 5
2 3 278 9 565
#s 1 5 5 5 5 5 5 5 8 5 5 5 5 5 5 5
1 1 239
#s 7 13 5 5 5 5 4 5 5 5 5 5 5 5 5 5
#s 20 5 5 9 9 7 5 5 5 5 5 6 5 6 5 5
2 7 488 20 513
#s 6 7 14 12 5 12 5 10 5 13 5 5 5 7 5 5
#s 10 5 5 5 16 6 5 7 5 6 7 5 4 16 5 5
#s 11 5 1 5 5 11 5 6 5 5 5 5 5 5 5 5
3 6 70 10 451 11 417
0
0
#s 4 10 9 5 5 5 5 1 5 5 5 5 5 5 5 5
1 4 486
0
#s 12 5 5 0 5 5 5 5 5 5 5 5 5 5 5 5
1 12 142
#s 5 0 5 5 5 5 5 5 5 5 5 5 5 5 5 5
#s 6 7 14 12 5 12 5 10 5 13 5 5 5 7 5 11
#s 8 2 5 5 5 5 5 0 7 1 5 6 5 5 5 5
#s 13 12 18 1 5 9 8 22 10 5 9 8 5 5 12 5
4 5 551 6 672 8 202 13 84
0
0
0
0
0
0
#s 16 0 5 12 5 0 5 2 5 5 5 5 5 5 5 5
1 16 280
#s 6 10 14 12 5 12 5 10 5 13 5 5 5 7 5 11
1 6 682
#s 2 15 5 10 5 5 5 5 5 5 5 5 5 5 5 5
#s 14 8 3 5 5 12 5 5 5 5 5 5 5 5 5 5
#s 18 7 5 5 6 9 5 5 5 5 5 5 5 5 5 5
3 2 252 14 395 18 470
#s 4 10 9 5 5 5 5 1 7 5 5 5 5 5 5 5
#s 5 0 5 5 5 5 5 5 5 5 5 1 5 5 5 5
2 4 661 5 71
0
#s 15 5 0 0 4 5 5 5 0 5 1 5 5 5 5 5
1 15 496
#s 7 19 5 5 5 5 4 5 5 5 5 5 5 5 5 5
1 7 507
#s 10 9 5 5 16 6 5 8 5 6 7 5 4 16 5 5
1 10 533
0
#s 12 5 5 0 5 6 7 5 5 5 5 19 5 5 5 5
1 12 221
0
0
0
#s 10 9 5 5 16 6 5 8 5 6 7 5 4 16 5 5
1 10 482
#s 10 9 5 5 16 6 5 8 5 6 7 5 4 16 5 5
#s 13 12 18 1 5 9 8 22 10 10 9 8 5 5 12 5
2 10 379 13 64
#s 10 9 5 5 16 6 5 8 5 6 7 5 4 16 5 5
#s 11 15 1 5 5 13 9 7 9 5 5 6 5 5 5 5
2 10 556 11 106
#s 2 15 5 10 5 5 5 5 5 5 5 5 5 5 5 5
1 2 348
#s 17 7 8 13 10 11 5 7 5 5 5 5 5 5 5 5
#s 18 7 5 5 6 9 5 9 5 5 5 5 5 5 5 5
2 17 489 18 542
0
#s 3 7 8 5 5 5 5 5 5 5 5 5 5 5 5 5
1 3 80
#s 12 5 5 0 5 6 7 5 5 5 5 19 5 5 6 5
1 12 274
0
0
#s 13 12 18 1 7 9 8 22 10 10 9 8 5 5 12 5
1 13 63
#s 10 9 10 5 16 6 5 8 5 8 8 5 4 16 5 5
1 10 467
#s 4 10 9 5 5 5 5 1 7 9 5 5 5 5 5 5
1 4 532
#s 4 10 9 5 5 5 5 1 7 9 5 5 5 5 5 5
1 4 33
#s 14 8 3 5 5 12 5 5 5 5 5 5 5 5 4 2
1 14 139
#s 10 9 10 5 16 6 5 8 5 8 8 5 4 16 5 5
#s 17 7 8 13 10 11 5 7 5 5 5 5 5 4 5 5
2 10 65 17 725
#s 13 12 18 1 7 9 8 22 10 10 9 8 5 5 12 5
#s 20 7 5 9 9 7 5 5 5 5 5 6 5 6 5 5
2 13 601 20 36
#s 12 5 5 0 5 6 7 5 5 5 5 19 5 5 6 6
#s 19 5 5 3 5 5 5 5 5 5 5 5 5 5 5 5
2 12 610 19 506
0
0
0
#s 13 12 18 1 7 9 8 22 10 10 9 8 5 5 12 5
1 13 747
#s 7 19 5 5 14 5 4 5 5 5 5 5 5 5 5 5
1 7 593
0
#s 6 10 14 12 5 12 5 10 5 13 5 5 5 7 5 11
#s 11 15 1 5 5 13 9 7 9 5 5 6 5 5 5 5
2 6 586 11 111
#s 8 2 5 5 5 5 5 0 7 1 5 6 5 5 5 5
#s 9 0 7 6 5 3 5 10 5 5 5 5 5 5 5 5
2 8 595 9 693
#s 6 10 14 12 5 12 5 10 5 13 5 5 5 7 5 11
1 6 286
#s 20 7 5 9 9 7 5 5 5 5 5 6 5 6 5 5
1 20 719
#s 10 9 10 5 16 6 4 8 5 8 8 5 4 16 5 5
1 10 136
#s 17 7 8 13 10 11 5 7 5 5 5 5 5 4 5 5
1 17 346
0
#s 1 0 5 5 0 5 5 5 8 5 0 6 5 10 5 5
#s 5 0 5 5 5 5 5 5 5 5 11 1 13 5 8 5
2 1 249 5 141
0
0
0
0
#s 10 11 10 5 16 6 4 8 5 8 8 5 4 16 5 5
1 10 98
0
0
#s 7 19 5 5 14 5 4 5 5 5 5 5 5 3 5 5
1 7 502
#s 18 7 5 5 6 9 5 9 5 6 5 5 5 5 5 5
1 18 626
0
#s 2 15 5 11 5 5 5 5 0 5 3 2 5 5 5 5
1 2 749
0
#s 4 10 9 5 5 5 10 1 12 9 5 5 5 5 5 5
1 4 720
#s 1 0 7 5 0 5 5 5 8 5 0 6 5 10 5 5
1 1 420
#s 8 2 5 5 5 5 5 0 7 1 5 6 5 5 5 5
1 8 335
#s 11 15 1 5 5 13 9 7 9 5 5 6 5 5 5 5
1 11 137
#s 9 0 7 6 5 3 5 10 5 5 5 9 5 5 5 5
#s 11 15 1 5 5 13 9 7 9 5 5 6 5 5 5 5
2 9 743 11 432
#s 6 7 14 11 5 12 5 6 5 13 5 5 9 7 5 11
#s 13 14 18 1 7 9 8 22 10 10 9 8 5 5 12 5
2 6 288 13 799
#s 13 14 18 1 7 9 8 22 10 10 9 8 5 5 12 5
#s 16 0 5 12 5 0 5 2 5 5 3 4 5 5 4 5
#s 18 6 6 5 6 9 5 9 5 6 5 5 5 5 5 5
3 13 495 16 162 18 685
#s 7 19 5 5 14 5 4 5 5 5 5 5 5 3 5 5
#s 12 5 5 0 5 6 7 5 5 5 5 19 5 5 6 6
2 7 679 12 649
#s 13 14 18 1 7 9 8 22 10 10 9 8 5 5 12 5
1 13 596
0
#s 6 7 14 11 5 12 5 6 5 13 5 5 9 7 5 11
#s 20 10 5 9 9 7 5 5 5 5 5 6 5 6 2 5
2 6 326 20 8
0
#s 20 10 5 9 9 7 5 5 5 5 5 6 5 6 2 5
1 20 569
0
0
0
#s 6 7 14 11 5 12 5 6 5 13 5 5 9 7 5 11
1 6 57
#s 17 7 9 13 10 11 5 7 6 5 5 5 5 4 5 5
1 17 373
0
#s 3 7 8 5 5 5 5 5 7 5 5 5 5 5 5 5
#s 4 10 9 5 5 5 10 1 12 9 5 5 5 5 5 5
2 3 95 4 113
0
0
0
#s 10 12 10 5 16 6 4 8 5 8 8 5 4 16 5 5
#s 13 14 18 1 8 9 8 22 14 10 9 8 5 5 12 5
#s 18 6 6 5 6 9 5 9 5 6 5 5 5 5 5 5
3 10 644 13 110 18 703
#s 10 12 10 5 16 6 4 8 5 8 8 5 4 16 5 5
1 10 526
#s 7 19 5 5 14 5 4 5 5 5 5 5 5 3 5 5
1 7 538
0
#s 19 5 5 3 5 5 5 3 5 5 5 5 5 5 5 5
1 19 622
#s 9 0 7 6 5 3 5 10 5 5 5 9 5 5 5 5
1 9 546
#s 13 14 18 1 12 9 8 22 14 10 9 8 5 5 12 5
#s 18 6 6 5 6 9 5 9 5 6 5 5 5 5 5 5
2 13 755 18 576
#s 5 0 3 5 5 5 5 5 5 5 11 1 13 5 8 5
#s 16 0 5 12 5 0 5 2 5 5 3 4 5 5 4 4
2 5 615 16 143
0
#s 11 15 1 5 5 13 9 13 9 5 5 6 5 5 5 5
#s 14 6 3 5 5 14 5 5 5 5 5 5 5 5 4 2
2 11 148 14 497
#s 3 7 8 5 5 5 5 5 7 5 5 5 5 5 5 5
#s 4 10 9 5 5 5 10 1 12 9 5 5 5 5 5 5
2 3 124 4 609
#s 17 7 9 13 10 11 5 7 10 5 6 5 5 6 5 5
1 17 114
#s 12 5 5 0 5 6 7 5 5 5 5 19 5 5 6 6
1 12 449
#s 11 15 1 5 6 13 9 13 9 5 5 6 5 5 5 5
1 11 171
#s 1 0 7 5 0 8 9 8 8 5 0 6 5 10 5 5
#s 6 7 15 11 5 12 5 6 5 13 5 7 9 8 5 11
#s 15 5 0 0 4 5 3 5 0 5 1 5 5 5 5 5
3 1 540 6 689 15 177
#s 1 0 7 5 0 8 9 8 8 5 0 6 5 10 5 5
#s 6 7 15 11 5 12 5 6 5 13 5 7 9 8 5 11
2 1 305 6 147
#s 13 14 18 1 12 9 8 22 14 10 9 8 5 5 12 5
#s 20 10 6 9 9 7 5 5 5 5 5 6 5 6 2 5
2 13 776 20 670
0
#s 2 15 15 11 5 5 5 5 0 5 3 2 5 5 5 5
#s 11 15 1 5 6 13 9 13 9 5 5 6 5 5 5 5
2 2 259 11 579
0
#s 10 12 10 5 16 10 4 8 5 8 8 5 4 16 5 5
1 10 623
#s 7 19 5 5 14 5 4 5 5 15 5 5 5 3 5 5
1 7 500
#s 1 0 7 5 0 8 9 8 8 5 0 6 5 10 5 5
1 1 602
#s 13 14 18 1 12 9 8 22 14 10 9 8 5 5 12 5
1 13 790
#s 5 0 3 5 5 5 5 5 5 5 11 1 13 5 8 5
1 5 748
0
#s 18 6 6 5 6 13 5 9 5 6 5 5 5 5 5 5
1 18 128
0
0
0
0
#s 10 12 10 5 13 10 4 8 5 8 8 5 7 16 5 5
1 10 634
0
0
#s 3 7 8 5 5 5 5 6 7 5 5 5 5 5 5 5
#s 4 10 9 5 5 5 16 1 12 9 5 5 5 5 5 5
#s 8 2 5 5 5 5 3 0 7 1 5 6 5 5 5 5
#s 11 15 1 5 6 13 10 13 9 5 5 6 5 5 5 5
#s 17 7 9 13 15 11 5 7 10 5 6 5 5 6 5 5
5 3 585 4 566 8 710 11 199 17 234
#s 20 10 6 9 9 7 5 5 5 5 5 6 5 6 2 5
1 20 178
0
#s 18 6 6 5 6 13 5 8 4 4 5 13 5 5 5 5
1 18 5
#s 13 14 18 1 12 9 7 22 14 10 9 8 5 5 13 5
1 13 336
0
0
0
#s 4 10 9 5 5 5 16 1 12 9 5 5 5 5 5 5
1 4 608
0
#s 3 7 8 5 5 5 5 6 7 5 5 5 5 5 5 5
1 3 207
#s 6 7 15 11 5 12 5 6 4 13 5 7 9 8 5 11
1 6 131
#s 16 0 9 12 5 0 5 2 5 5 3 4 5 5 4 4
1 16 311
#s 10 12 10 5 13 10 4 8 5 8 8 5 7 16 5 5
#s 15 5 0 1 7 5 2 5 0 5 1 1 5 5 5 5
2 10 666 15 787
0
#s 6 7 15 11 5 12 5 6 3 13 5 7 9 9 5 11
#s 14 6 3 5 5 14 5 5 4 5 5 5 5 5 4 2
2 6 548 14 215
#s 13 13 16 1 13 9 7 22 14 10 10 8 5 5 13 8
1 13 422
0
0
#s 5 0 3 5 5 5 5 5 5 4 11 1 13 5 8 5
1 5 349
0
#s 9 0 7 6 5 3 5 10 5 5 5 9 5 5 5 4
1 9 768
0
#s 13 13 16 1 13 9 7 22 14 10 10 8 5 5 13 8
1 13 728
0
0
#s 7 18 6 5 14 5 4 5 5 15 5 5 5 3 5 5
#s 8 2 5 5 5 3 3 0 7 1 5 8 5 5 5 5
#s 10 13 10 5 13 10 4 8 5 8 8 4 7 16 5 5
3 7 224 8 650 10 754
0
#s 2 15 15 11 5 5 5 5 0 5 3 2 5 5 5 5
#s 6 7 15 11 5 12 5 6 3 13 5 7 9 9 5 11
2 2 632 6 581
0
#s 19 5 5 3 5 5 5 3 5 5 5 5 5 5 5 5
1 19 627
#s 12 8 5 0 5 6 7 5 5 5 5 19 5 5 6 6
1 12 312
0
#s 7 18 6 5 14 5 4 5 5 15 5 5 5 3 5 5
#s 14 6 3 5 5 14 5 5 4 5 5 5 5 5 4 2
2 7 116 14 260
#s 11 15 1 5 6 13 10 13 9 5 5 6 5 5 5 5
#s 17 7 9 13 15 8 5 7 10 5 6 5 5 6 5 5
2 11 746 17 826
0
0
0
0
#s 1 0 7 5 0 8 9 8 8 5 0 6 5 10 5 5
#s 10 13 10 5 13 10 4 8 5 8 8 4 7 16 5 5
#s 19 5 5 3 5 5 5 3 5 5 5 5 5 5 5 5
3 1 739 10 517 19 641
#s 10 13 10 5 13 10 4 8 5 8 8 4 7 16 5 5
#s 13 10 16 1 13 9 7 22 14 14 10 18 5 5 13 11
2 10 756 13 366
#s 10 13 12 6 12 10 4 8 3 10 7 4 17 18 5 5
1 10 212
0
#s 1 0 7 5 0 8 9 8 8 5 0 6 5 10 5 5
#s 11 15 1 5 6 13 10 12 9 5 5 6 5 6 5 5
2 1 52 11 834
0
0
0
0
0
#s 1 0 7 5 0 8 9 8 8 5 0 6 5 10 5 5
#s 11 15 1 5 6 13 10 12 9 5 5 6 5 6 5 5
#s 20 10 6 9 9 7 5 5 5 5 5 6 5 6 2 5
3 1 185 11 832 20 757
#s 1 0 7 5 0 8 9 8 8 5 0 6 5 10 5 5
#s 4 10 9 5 5 5 16 1 12 9 5 5 5 5 5 5
2 1 702 4 638
0
0
#s 8 4 5 5 4 3 3 0 7 1 5 10 5 5 5 3
1 8 655
#s 18 6 6 5 6 13 5 8 4 4 5 13 5 5 5 5
#s 20 10 6 9 9 7 5 5 5 5 5 6 5 6 2 5
2 18 742 20 31
#s 3 7 8 5 5 5 5 6 7 5 5 5 5 5 5 5
#s 11 15 1 5 6 13 10 12 9 5 5 6 5 6 5 5
#s 19 5 5 3 5 5 5 3 5 5 5 5 5 5 5 5
3 3 745 11 903 19 770
0
0
#s 13 10 16 1 13 9 7 22 14 14 10 18 5 5 13 11
1 13 240
0
0
#s 2 15 15 12 5 0 8 5 0 5 3 1 5 5 5 5
1 2 587
#s 6 7 15 12 5 12 5 6 2 13 5 7 9 10 5 6
#s 7 18 6 5 14 5 4 5 5 15 5 5 5 3 5 5
#s 9 0 7 6 5 5 5 11 5 5 3 9 5 5 3 4
3 6 614 7 793 9 681
#s 7 18 6 4 14 5 4 5 5 15 5 6 5 3 5 5
1 7 656
#s 17 7 9 13 15 7 5 7 10 5 6 5 5 6 5 5
1 17 161
0
#s 6 7 15 12 5 12 5 6 2 13 5 7 9 10 5 6
#s 12 8 5 0 5 6 7 5 5 5 5 19 5 5 6 7
2 6 408 12 888
#s 6 7 15 12 5 12 5 6 2 13 5 7 9 10 5 6
#s 18 7 6 4 6 13 5 8 4 4 5 13 6 5 5 5
#s 20 10 6 9 9 7 5 5 5 5 5 6 5 6 2 5
3 6 791 18 425 20 580
#s 17 7 9 13 15 7 5 7 10 5 6 5 5 6 5 5
1 17 82
0
#s 5 0 3 5 5 5 5 5 5 4 11 1 13 5 10 5
#s 10 13 12 6 12 10 4 8 3 10 7 4 17 18 6 5
2 5 370 10 744
0
#s 6 7 15 12 5 12 5 6 2 13 5 7 9 10 5 6
1 6 402
0
0
#s 16 0 9 12 5 0 5 2 5 6 3 6 8 5 4 4
1 16 325
#s 12 8 5 0 5 6 7 5 5 5 5 19 5 5 6 7
1 12 646
#s 1 0 7 9 0 11 9 8 8 5 0 6 5 10 5 5
#s 7 18 6 4 13 5 4 5 5 15 5 10 5 3 5 5
#s 20 10 6 9 9 7 5 5 5 5 5 6 5 6 2 5
3 1 570 7 282 20 686
#s 3 6 7 5 5 5 7 6 7 5 8 5 5 5 7 5
1 3 145
0
#s 14 6 3 5 5 14 5 5 4 5 5 5 5 5 4 2
#s 18 7 6 4 6 13 5 8 4 4 5 13 6 5 5 5
2 14 433 18 541
0
#s 9 0 7 6 5 5 5 11 5 5 3 9 5 5 3 4
1 9 314
#s 10 13 12 6 12 10 4 8 3 10 7 4 17 18 6 5
1 10 107
#s 11 15 1 5 5 13 10 12 9 5 5 6 5 6 5 5
1 11 841
#s 10 13 12 6 12 10 4 8 3 10 7 4 17 18 6 5
1 10 127
0
#s 5 0 3 5 5 5 5 5 5 4 11 1 13 5 10 5
1 5 406
0
#s 13 10 15 1 13 9 7 22 14 14 10 18 5 5 13 12
1 13 456
0
0
0
0
#s 6 7 15 18 5 12 5 6 2 13 5 7 9 10 5 6
#s 7 18 6 4 13 5 4 5 5 15 5 10 5 3 5 5
#s 15 4 0 1 7 5 2 5 0 5 1 1 5 5 5 5
3 6 256 7 89 15 54
#s 1 0 7 9 0 11 9 8 8 5 0 6 5 10 5 5
#s 4 10 9 5 5 5 16 1 12 9 5 5 5 5 5 5
#s 13 10 15 1 13 9 7 22 14 14 10 18 5 5 13 12
3 1 515 4 654 13 653
0
0
0
0
#s 5 0 3 5 5 5 5 5 8 4 11 1 13 5 10 3
1 5 494
#s 6 7 15 18 5 12 5 6 2 13 5 7 8 10 5 6
1 6 293
#s 12 8 5 0 5 6 7 5 5 5 5 19 5 5 6 7
1 12 783
#s 7 18 6 4 13 5 4 5 5 15 5 10 5 3 5 5
1 7 887
0
#s 8 4 5 6 4 2 3 0 7 1 5 10 5 5 5 3
#s 10 13 12 6 12 10 4 17 3 10 7 4 17 18 6 5
2 8 813 10 173
0
0
#s 16 0 9 12 5 0 5 2 5 6 3 6 8 5 4 4
#s 17 10 8 11 15 7 5 7 10 5 6 5 5 8 5 6
2 16 169 17 361
#s 6 6 15 17 8 12 8 6 1 13 5 7 7 10 5 6
1 6 396
#s 15 4 0 1 7 5 2 5 0 5 1 1 5 5 5 5
1 15 846
0
#s 11 15 1 5 5 13 10 12 9 5 5 6 5 6 5 5
1 11 194
0
#s 13 10 15 1 13 9 7 22 14 14 10 18 5 5 13 12
#s 19 2 5 3 5 5 5 3 5 5 5 5 5 5 5 5
2 13 160 19 729
#s 10 13 12 6 12 12 4 17 3 10 8 4 17 18 6 5
#s 16 0 9 12 5 0 5 2 5 6 3 4 10 5 4 4
2 10 808 16 268
#s 10 13 12 6 12 12 4 17 3 10 8 4 17 18 6 5
1 10 796
#s 3 6 7 5 5 5 7 6 7 5 12 5 5 5 8 5
#s 20 10 6 9 9 7 5 5 5 5 5 6 5 6 2 5
2 3 435 20 181
0
0
#s 14 3 3 5 6 15 5 5 4 7 5 5 5 5 4 2
1 14 510
#s 18 7 6 4 6 13 5 8 4 4 5 13 4 5 5 5
1 18 520
0
#s 4 10 9 5 5 5 16 1 12 9 5 5 5 5 5 5
1 4 480
0
#s 1 0 7 9 0 11 9 7 8 5 0 6 5 10 5 7
1 1 726
0
#s 13 10 15 1 13 9 7 22 14 14 10 18 5 5 13 12
1 13 455
#s 4 10 9 5 5 5 16 1 12 9 5 5 5 5 5 5
1 4 529
#s 18 7 6 4 6 13 5 8 4 4 5 13 4 5 5 5
1 18 617
#s 14 3 3 5 6 15 5 5 4 7 5 5 5 5 4 2
1 14 606
#s 10 13 12 6 12 12 4 17 3 10 8 4 17 18 6 5
1 10 732
0
#s 6 3 15 17 15 10 12 7 1 13 5 7 9 10 5 6
#s 8 4 5 6 4 2 3 0 7 1 5 10 5 5 5 3
2 6 838 8 399
0
#s 2 15 14 13 5 0 8 6 0 5 2 1 5 4 5 5
1 2 6
0
0
#s 4 9 10 5 5 5 16 1 12 9 5 5 4 5 5 10
1 4 536
#s 3 6 7 5 5 5 7 6 7 5 12 5 5 5 8 5
#s 18 7 6 4 6 13 5 8 4 4 5 13 4 5 5 5
2 3 663 18 630
#s 11 15 1 5 5 13 10 12 9 5 5 6 5 6 5 5
1 11 683
#s 3 6 7 5 5 5 7 6 7 5 12 5 5 5 8 5
#s 14 2 3 7 7 15 5 5 4 9 5 5 5 4 3 1
2 3 220 14 660
0
#s 10 13 14 6 11 12 14 17 3 11 8 4 17 18 6 5
#s 12 8 5 0 5 6 7 5 5 5 5 19 5 5 6 7
2 10 830 12 730
0
#s 10 13 14 6 11 12 14 17 3 11 8 4 17 18 6 5
#s 11 15 1 5 5 13 12 12 9 5 5 6 5 6 5 5
#s 17 10 8 11 15 7 5 8 10 5 6 5 5 8 5 6
3 10 723 11 309 17 35
#s 9 0 7 7 5 5 5 11 4 5 3 9 5 4 3 4
1 9 392
#s 10 13 14 6 11 12 14 17 3 11 8 4 17 18 6 5
1 10 821
#s 1 0 7 9 0 11 9 7 8 5 0 6 5 10 5 7
#s 11 13 1 5 5 13 13 10 9 5 5 8 5 6 5 5
2 1 414 11 371
0
0
0
#s 7 18 6 4 12 5 4 5 5 15 5 10 5 3 5 8
1 7 367
#s 1 0 7 9 0 11 9 7 8 5 0 6 5 10 5 7
#s 6 3 15 17 15 10 12 7 1 13 5 7 9 10 5 6
2 1 852 6 923
#s 5 0 3 5 2 5 5 5 11 4 11 1 13 5 10 3
#s 10 13 14 6 11 12 14 17 3 11 8 4 17 18 6 5
2 5 553 10 498
0
0
#s 13 10 15 1 13 9 7 22 14 14 10 18 5 5 13 12
1 13 509
#s 1 0 7 9 0 11 9 7 8 5 0 6 5 10 5 7
1 1 864
0
0
#s 4 9 7 5 5 5 16 1 12 9 9 5 4 5 5 10
#s 5 0 3 5 2 5 5 5 11 4 11 1 13 5 10 3
2 4 578 5 413
#s 8 4 5 6 4 2 3 0 12 1 5 10 5 5 5 3
#s 10 13 14 6 11 12 14 17 3 14 8 4 17 18 6 5
#s 13 10 15 3 13 12 4 22 14 17 10 18 5 3 13 12
#s 16 0 10 12 5 0 5 2 5 6 3 4 10 5 4 4
4 8 232 10 55 13 896 16 574
#s 10 13 14 6 11 12 14 17 3 14 8 4 17 18 6 5
1 10 645
#s 9 0 6 7 5 5 5 11 4 6 3 9 5 4 3 4
#s 11 14 1 4 5 13 13 10 13 5 5 8 5 6 5 6
#s 15 4 0 1 7 5 2 5 0 5 1 1 5 5 5 5
#s 18 7 6 4 6 13 5 8 4 3 6 13 4 5 5 5
4 9 662 11 805 15 938 18 699
#s 13 10 15 3 13 12 4 22 14 17 10 18 5 3 13 12
1 13 459
#s 17 10 8 11 15 7 5 8 10 5 6 5 5 8 5 6
#s 20 10 7 9 9 7 5 5 5 5 5 6 5 6 2 5
2 17 297 20 599
#s 19 2 5 3 5 5 5 4 5 5 5 5 5 4 5 5
1 19 547
#s 8 4 5 6 4 2 3 0 12 1 5 11 6 5 5 2
1 8 475
0
0
0
0
0
0
0
#s 4 9 7 5 5 5 16 1 12 9 9 5 4 5 5 10
#s 6 3 15 17 15 10 12 7 1 13 5 7 9 10 5 6
2 4 597 6 269
#s 11 8 9 2 5 14 13 10 10 5 4 8 5 6 5 6
1 11 886
#s 13 10 15 3 13 12 4 22 14 17 10 18 5 3 13 12
1 13 2
0
#s 3 6 7 5 5 5 7 6 7 5 12 5 5 5 8 5
#s 12 9 5 0 5 6 7 5 5 8 4 19 5 5 6 7
2 3 840 12 753
#s 4 9 7 5 5 5 16 1 12 9 9 5 4 5 5 10
1 4 403
#s 10 13 16 6 11 12 14 17 3 14 8 4 17 18 6 5
1 10 735
0
#s 3 6 7 5 5 5 7 6 7 5 12 5 5 5 8 5
1 3 285
#s 9 0 6 7 5 5 5 11 4 6 3 9 5 4 3 4
#s 17 10 8 11 15 7 5 8 10 5 6 5 5 8 5 6
2 9 26 17 820
0
#s 1 0 7 9 0 11 9 7 8 5 0 6 5 10 5 7
#s 18 7 6 4 6 13 5 8 4 3 6 13 4 5 5 5
2 1 537 18 764
0
0
#s 9 0 6 7 5 5 5 11 4 6 3 9 5 4 3 4
1 9 824
0
#s 2 15 13 14 5 0 8 6 0 5 2 1 5 4 5 5
#s 16 0 10 12 5 0 5 2 5 6 3 4 10 5 4 4
#s 17 10 8 11 15 7 5 8 10 5 6 5 5 8 5 6
3 2 281 16 29 17 300
0
0
#s 14 2 3 7 7 15 5 5 4 9 5 5 5 4 3 1
1 14 750
0
0
0
#s 6 3 15 17 15 10 12 7 1 13 5 7 9 10 5 6
#s 10 13 16 6 11 12 15 17 3 14 8 4 17 18 6 5
#s 18 7 6 4 6 19 5 8 4 3 6 13 4 5 5 5
3 6 216 10 248 18 45
#s 1 0 7 9 0 11 9 7 8 5 0 6 5 10 5 7
#s 13 10 15 3 13 12 4 22 14 17 10 18 5 3 13 12
2 1 882 13 299
#s 7 18 6 5 11 5 4 5 5 15 5 10 5 3 5 8
#s 12 9 5 0 6 6 7 5 5 9 4 19 5 5 6 13
2 7 387 12 687
0
0
0
0
#s 2 15 13 14 5 0 8 6 0 5 2 1 5 4 5 5
1 2 102
#s 17 10 8 11 15 7 5 8 10 5 6 5 5 8 5 6
1 17 797
#s 1 0 7 9 0 11 9 7 8 5 0 6 5 10 5 7
1 1 328
#s 15 4 0 1 8 5 2 4 0 5 1 1 5 5 5 5
1 15 50
#s 6 3 15 17 15 10 12 7 1 13 5 7 9 10 5 6
#s 7 18 6 5 11 5 4 5 5 15 5 10 5 3 5 8
2 6 228 7 794
#s 20 11 7 8 8 7 5 5 6 5 5 6 5 6 2 5
1 20 223
#s 10 13 16 6 11 12 15 17 3 14 8 4 17 18 6 5
1 10 659
0
#s 11 8 9 2 4 14 13 9 10 7 3 9 5 6 6 6
1 11 211
0
#s 1 0 7 9 0 11 9 7 8 5 0 6 5 10 5 7
1 1 708
#s 3 6 7 5 5 5 8 6 4 5 12 5 5 5 8 5
1 3 283
#s 19 2 5 3 5 5 9 4 4 5 5 4 5 4 5 5
1 19 558
#s 13 10 15 3 13 12 4 22 14 17 10 18 5 3 13 12
1 13 4
#s 4 9 7 6 5 5 16 1 13 8 9 5 4 5 5 10
#s 10 13 16 6 11 12 15 17 3 14 8 4 17 18 6 5
#s 18 7 5 4 6 19 5 8 4 3 9 13 5 5 7 5
3 4 368 10 584 18 180
#s 4 9 7 6 5 5 16 1 13 8 9 5 4 5 5 10
#s 10 13 16 6 11 12 15 17 3 14 8 4 17 18 6 5
2 4 880 10 91
#s 1 0 7 9 0 11 9 7 8 5 0 6 5 10 5 7
#s 6 3 15 17 15 10 12 7 1 13 5 7 9 10 5 6
2 1 876 6 957
0
#s 17 10 8 11 15 7 5 8 10 5 6 5 5 8 5 6
1 17 287
#s 5 0 3 5 2 5 5 5 12 4 11 1 13 5 10 2
#s 18 7 5 4 6 19 5 8 4 3 9 13 5 5 7 5
2 5 390 18 322
0
#s 9 0 6 7 5 5 5 11 4 6 3 9 5 4 3 4
#s 14 2 3 7 7 15 5 5 4 9 5 5 5 4 3 1
2 9 752 14 845
#s 16 0 10 12 5 0 5 2 5 6 3 4 10 5 4 4
1 16 628
#s 4 9 7 6 5 5 16 1 13 8 9 5 4 5 5 10
1 4 491
#s 5 0 3 5 2 5 5 5 12 4 11 1 13 5 10 2
#s 7 18 6 5 11 5 4 5 5 15 5 10 5 3 5 8
2 5 736 7 405
#s 10 13 16 6 11 12 15 17 3 14 8 4 17 18 6 5
#s 18 7 5 4 6 19 5 8 4 3 9 13 5 5 7 5
#s 20 10 9 8 7 6 5 5 7 5 16 6 5 8 2 3
3 10 802 18 218 20 203
#s 10 13 16 6 11 12 15 17 3 14 8 4 17 18 6 5
#s 12 10 5 0 6 3 7 5 5 9 4 22 6 5 6 13
2 10 673 12 765
#s 1 0 7 9 0 11 9 7 8 5 0 6 5 10 5 7
#s 14 2 3 8 7 15 5 5 4 10 5 5 5 4 3 0
2 1 539 14 786
#s 1 0 7 9 0 11 9 7 8 5 0 6 5 10 5 7
#s 8 4 6 6 4 2 3 0 12 1 5 11 6 5 5 2
2 1 338 8 117
0
0
0
0
#s 3 6 7 5 5 5 8 6 4 5 12 5 5 5 8 5
1 3 275
#s 6 3 15 17 15 10 12 7 1 13 5 7 9 10 5 6
1 6 122
0
0
#s 9 0 6 7 5 5 5 11 4 6 3 9 5 4 3 4
1 9 767
0
#s 7 18 6 5 11 5 4 5 5 15 5 10 5 3 4 11
#s 13 10 15 3 13 12 4 22 14 17 10 18 5 3 13 12
2 7 925 13 825
#s 1 0 7 12 0 11 9 7 8 5 0 6 5 10 5 7
#s 19 2 3 3 5 5 9 7 4 5 5 3 5 4 6 5
2 1 631 19 782
#s 10 13 16 6 11 12 15 17 3 14 8 4 17 18 6 5
#s 11 8 9 2 4 14 13 9 10 7 3 9 5 6 6 6
2 10 394 11 804
#s 10 13 16 6 11 12 15 17 3 14 8 4 17 18 6 5
1 10 618
0
0
#s 1 0 7 12 0 11 9 7 8 5 0 6 5 10 5 7
#s 18 7 5 4 6 19 5 8 4 3 9 13 5 5 7 5
2 1 302 18 331
#s 6 3 15 17 15 10 12 7 1 13 5 7 9 10 5 6
1 6 680
#s 4 9 7 6 5 5 16 1 13 8 9 5 4 5 5 10
#s 6 3 15 17 15 10 12 7 1 13 5 7 9 10 5 6
2 4 691 6 421
#s 1 0 7 12 0 11 9 7 8 5 0 6 5 10 5 7
#s 5 0 4 5 2 5 5 5 12 4 12 1 13 5 10 2
#s 20 10 9 8 7 6 5 5 7 5 16 6 5 8 2 3
3 1 351 5 668 20 466
0
0
0
0
#s 1 0 7 12 0 11 9 7 8 5 0 6 5 10 5 7
#s 2 15 13 14 5 0 8 6 0 5 2 1 5 4 5 5
2 1 109 2 761
0
#s 5 0 4 5 2 5 5 5 12 4 12 1 13 5 10 2
#s 9 0 6 5 7 4 6 11 2 8 3 7 5 4 3 4
2 5 10 9 243
0
#s 4 9 7 6 5 5 16 1 13 8 9 5 4 5 5 10
#s 10 14 16 6 11 12 15 17 3 14 8 4 17 17 6 5
#s 18 7 5 4 6 19 5 8 4 3 9 13 5 5 7 5
#s 19 2 3 3 5 5 9 7 4 5 5 3 5 4 6 5
4 4 355 10 897 18 523 19 847
0
0
#s 13 10 15 3 13 12 4 22 16 17 10 18 5 3 13 12
1 13 697
0
#s 4 9 7 6 5 5 16 1 13 8 9 5 4 5 5 10
#s 17 10 8 11 15 7 5 8 10 5 5 5 5 9 5 6
#s 20 10 9 10 7 6 5 5 7 5 16 6 5 8 2 3
3 4 200 17 889 20 478
#s 4 9 7 6 5 5 16 1 13 8 9 5 4 5 5 10
#s 15 2 0 1 8 5 2 4 0 5 1 1 5 5 5 7
2 4 827 15 669
#s 7 18 6 5 11 5 4 5 5 15 5 10 5 3 4 11
1 7 860
#s 1 0 7 12 0 11 9 7 8 4 1 6 5 10 5 7
1 1 332
#s 3 7 6 5 5 5 8 6 4 5 12 5 6 5 8 5
#s 6 3 15 17 15 10 12 7 1 13 5 7 9 10 5 6
2 3 956 6 316
0
#s 12 10 5 0 5 3 7 5 5 11 4 22 6 5 6 13
1 12 118
0
#s 20 10 9 10 7 6 5 5 7 5 16 6 5 8 2 3
1 20 66
#s 17 10 8 11 15 7 5 8 10 5 5 5 5 9 5 6
1 17 759
#s 4 9 7 6 5 5 16 1 13 8 9 5 4 5 5 10
1 4 227
0
#s 4 9 7 6 5 5 16 1 13 8 9 5 4 5 5 10
#s 10 14 16 6 11 12 15 17 3 14 8 4 17 17 6 5
#s 13 10 15 3 13 12 4 22 16 17 10 18 5 3 13 12
3 4 14 10 958 13 737
#s 4 9 7 6 5 5 16 1 13 8 9 5 4 5 5 10
#s 11 8 9 2 4 14 13 9 10 7 3 9 5 6 6 6
2 4 865 11 849
#s 1 0 7 12 0 11 9 7 8 4 1 6 5 10 5 11
#s 10 14 16 6 11 12 15 17 3 14 8 4 17 17 6 5
#s 16 0 10 12 5 0 5 2 5 6 3 4 10 5 4 4
3 1 657 10 853 16 193
#s 13 10 15 3 13 12 4 22 16 17 10 18 5 3 13 12
1 13 771
#s 6 3 15 17 15 11 12 7 1 13 5 7 9 10 5 6
1 6 800
0
#s 3 7 6 5 5 5 8 6 4 5 12 5 6 5 8 5
1 3 766
0
0
#s 5 0 4 5 2 5 5 5 12 4 12 1 13 5 10 2
#s 14 2 3 8 7 17 5 5 4 10 5 5 5 4 3 0
2 5 815 14 195
#s 20 10 9 10 7 6 5 5 7 5 16 6 5 8 2 3
1 20 727
#s 4 9 7 6 5 5 16 1 13 8 9 5 4 5 5 10
1 4 866
#s 1 0 7 12 0 11 9 7 8 4 1 6 5 10 5 11
#s 11 8 9 2 4 14 13 9 10 7 3 9 5 6 6 6
#s 18 7 5 3 6 19 5 8 4 3 9 13 6 5 7 5
3 1 74 11 512 18 784
#s 13 10 15 3 13 16 4 22 16 17 10 18 5 3 13 12
1 13 914
0
#s 2 15 13 14 7 0 8 6 0 5 2 1 5 4 5 5
1 2 785
0
0
#s 4 9 7 6 5 5 16 1 13 8 9 5 4 5 5 10
#s 10 14 16 6 11 12 15 17 3 14 8 4 17 17 6 5
2 4 909 10 869
0
#s 5 0 4 5 2 5 5 5 12 4 12 1 13 5 10 2
#s 9 0 6 5 7 4 6 11 2 8 3 7 5 4 3 4
2 5 867 9 906
#s 7 18 13 5 11 5 4 5 5 17 5 10 5 3 4 11
1 7 613
#s 1 0 7 12 0 11 9 7 8 4 1 6 5 10 5 11
1 1 389
#s 13 10 15 3 13 16 4 22 16 17 10 18 5 3 13 12
1 13 18
#s 11 8 9 2 4 14 13 9 10 7 3 9 5 6 6 6
1 11 179
#s 11 8 9 2 4 14 13 9 10 7 3 9 5 6 6 6
1 11 22
#s 8 4 6 6 4 2 3 0 12 1 5 11 6 5 5 2
1 8 267
#s 13 10 15 3 13 16 4 22 16 17 10 18 5 3 13 12
1 13 733
0
0
#s 17 10 8 11 11 7 5 8 10 5 5 5 5 9 5 6
1 17 253
0
#s 13 10 15 3 13 16 4 22 16 17 10 18 5 3 13 12
1 13 839
#s 19 2 3 3 5 5 9 7 4 5 5 3 5 4 6 5
1 19 762
#s 2 15 13 14 7 0 8 6 0 5 2 1 5 4 5 5
#s 11 7 9 2 4 15 14 7 10 6 3 10 5 6 7 6
#s 18 5 5 3 6 19 5 8 5 2 9 13 7 7 7 5
3 2 242 11 692 18 519
#s 10 14 16 6 10 12 15 17 3 14 8 4 17 17 6 5
#s 11 7 9 2 4 15 14 7 10 6 3 10 5 6 7 6
2 10 740 11 327
#s 10 14 16 6 10 12 15 17 3 14 8 4 17 17 6 5
1 10 75
0
#s 6 3 15 17 15 11 12 7 1 13 5 7 9 10 5 6
1 6 942
0
0
#s 12 9 5 0 5 3 6 5 5 11 4 22 7 6 6 13
#s 13 10 15 3 13 16 4 22 16 17 10 18 5 3 13 12
2 12 477 13 476
#s 3 7 6 5 5 5 8 6 4 5 12 5 6 5 8 5
1 3 837
#s 1 0 7 12 0 11 9 7 8 4 1 6 5 10 5 11
1 1 858
#s 4 8 7 6 5 5 16 1 13 8 9 5 4 5 5 11
1 4 487
#s 18 7 6 3 5 19 5 8 5 2 9 13 7 8 7 3
1 18 777
#s 14 2 3 8 7 17 5 4 4 11 5 5 5 4 3 0
1 14 83
#s 2 15 12 14 7 0 8 7 0 5 2 1 5 2 5 5
#s 15 2 0 1 8 5 2 4 0 6 1 1 5 5 5 7
2 2 718 15 444
0
#s 7 18 13 5 11 5 4 5 5 19 5 10 5 3 4 11
#s 20 10 9 10 7 6 5 5 7 5 16 6 5 8 2 3
2 7 616 20 481
#s 6 3 15 17 15 11 12 7 1 13 5 7 9 10 5 6
1 6 333
#s 16 0 10 12 5 0 5 2 5 6 3 4 10 5 4 4
1 16 639
#s 11 7 9 2 4 15 14 7 8 6 3 10 5 6 7 7
#s 13 10 14 3 13 16 5 22 16 16 9 18 6 3 13 13
2 11 831 13 454
#s 5 0 4 5 2 5 5 5 12 5 12 1 13 5 10 2
#s 10 14 16 6 10 12 15 17 3 14 8 4 17 17 6 5
2 5 924 10 135
#s 19 2 3 3 5 5 9 7 4 5 5 3 5 4 6 5
1 19 11
0
#s 7 18 13 5 11 5 4 5 5 19 5 10 5 3 4 11
#s 8 4 6 6 4 2 3 0 12 1 5 11 6 5 5 2
2 7 86 8 855
#s 7 18 13 5 11 5 4 5 5 19 5 10 5 3 4 11
#s 14 2 3 8 7 17 5 4 4 11 5 5 5 4 3 0
#s 20 10 9 11 6 6 5 5 7 5 16 6 6 8 2 3
3 7 530 14 291 20 149
0
#s 17 10 8 11 11 7 5 8 10 5 5 5 5 9 5 6
1 17 604
#s 11 7 9 2 4 15 14 7 8 6 3 10 5 6 7 7
1 11 119
#s 7 18 13 5 11 5 4 5 5 19 5 10 5 3 4 11
#s 10 14 16 6 10 12 15 17 3 14 8 4 17 17 6 5
2 7 330 10 123
0
#s 12 9 5 0 5 3 6 5 5 11 4 22 7 6 6 13
1 12 53
0
#s 10 14 16 6 10 12 15 17 3 14 8 4 17 17 6 5
1 10 895
#s 10 14 16 6 10 12 15 17 3 14 8 4 17 17 6 5
#s 16 0 10 12 5 0 5 2 5 6 3 4 10 5 4 4
2 10 911 16 976
0
#s 2 15 12 14 7 0 8 7 0 5 2 1 5 2 5 5
1 2 915
0
0
#s 8 4 6 6 4 2 3 0 12 1 5 11 6 5 5 2
#s 13 10 14 2 13 16 5 22 16 16 9 18 7 3 13 13
2 8 37 13 931
#s 10 14 16 6 10 12 15 17 3 14 8 4 17 17 6 5
1 10 571
0
#s 7 18 13 5 11 5 4 5 5 19 5 10 5 3 4 11
#s 13 10 14 2 13 16 5 22 16 16 9 18 7 3 13 13
2 7 157 13 701
0
#s 4 8 7 6 5 5 16 1 13 8 9 5 4 5 5 11
#s 9 0 5 5 7 4 6 11 2 9 3 8 5 4 3 3
#s 14 1 3 9 5 17 6 4 5 11 5 5 5 4 3 0
3 4 483 9 921 14 854
#s 3 6 6 4 4 5 14 7 4 5 12 6 6 5 8 5
#s 4 11 7 8 3 9 17 1 13 7 9 6 4 5 5 11
2 3 397 4 932
0
0
0
#s 5 0 4 5 2 5 5 5 12 5 12 1 13 5 10 2
1 5 972
#s 6 3 15 17 15 11 12 7 1 13 5 7 9 10 5 6
#s 13 10 14 2 13 16 5 22 16 16 9 18 7 3 13 13
2 6 73 13 153
#s 7 18 13 5 11 5 4 5 5 19 5 10 5 3 4 11
1 7 51
#s 20 10 9 11 6 5 5 5 7 5 16 6 6 8 2 3
1 20 47
0
0
#s 15 2 0 1 8 5 2 4 0 6 1 1 5 5 5 22
1 15 25
0
#s 1 0 7 12 0 11 9 7 8 4 1 6 5 10 5 11
#s 4 11 7 8 3 9 17 1 13 7 9 6 4 5 5 11
2 1 721 4 705
0
#s 13 10 14 2 13 16 5 22 16 16 9 18 7 3 13 13
1 13 979
#s 6 3 15 17 15 11 12 7 1 13 5 7 9 10 5 6
1 6 598
0
#s 17 10 8 11 11 7 5 8 10 5 5 5 5 9 5 6
1 17 307
#s 14 1 3 9 5 17 6 4 5 11 5 5 5 4 3 0
1 14 419
#s 20 10 16 11 6 5 4 5 7 5 16 7 6 8 2 3
1 20 301
#s 9 0 5 5 7 4 6 11 2 9 3 8 5 4 3 3
#s 10 14 16 6 11 12 15 16 3 14 8 4 17 17 6 5
2 9 870 10 271
#s 6 3 15 17 15 11 12 7 1 13 5 7 9 10 5 6
#s 11 7 9 2 4 15 14 7 8 6 3 10 5 6 7 7
2 6 350 11 907
#s 18 7 6 3 5 19 5 8 5 2 9 12 7 8 7 3
1 18 778
#s 19 2 3 3 5 5 9 7 4 5 5 3 5 4 6 5
1 19 894
0
0
#s 13 10 14 2 13 16 5 22 16 16 9 18 7 3 13 13
1 13 398
#s 1 0 7 12 0 11 9 7 8 4 1 6 5 10 5 11
#s 3 6 6 4 4 5 14 7 4 5 12 6 6 5 8 5
2 1 583 3 412
#s 4 11 7 8 3 9 17 1 13 7 9 6 4 5 5 11
1 4 760
0
#s 10 14 16 6 11 12 15 16 3 14 8 4 17 17 6 5
#s 20 10 16 11 6 5 4 5 7 5 16 7 7 8 2 3
2 10 781 20 933
#s 10 14 16 6 11 12 15 16 3 14 8 4 17 17 6 5
1 10 345
0
#s 16 0 13 12 5 0 5 2 5 6 3 4 10 5 4 4
1 16 625
#s 13 10 14 2 13 16 5 22 16 16 9 18 7 3 13 13
1 13 196
#s 9 0 5 5 7 4 6 11 2 9 3 8 5 4 3 3
1 9 696
0
#s 7 17 13 6 11 5 4 5 5 19 5 10 5 3 4 11
1 7 92
0
#s 12 9 5 0 5 3 6 5 5 11 4 22 7 6 6 13
1 12 817
0
#s 6 3 15 17 15 11 12 7 1 13 5 7 9 10 5 6
#s 13 10 14 2 13 16 5 22 16 16 9 18 7 3 13 13
2 6 658 13 704
#s 2 15 12 14 10 0 8 7 0 5 2 1 5 2 5 5
#s 8 4 5 6 4 2 3 0 12 1 5 11 6 5 5 2
2 2 828 8 146
#s 5 1 4 3 2 5 4 6 13 5 12 1 13 5 10 2
1 5 411
0
0
0
#s 17 10 8 11 11 7 5 8 10 5 5 5 5 9 5 6
1 17 210
#s 1 0 6 11 0 11 8 7 8 4 1 6 5 9 6 11
#s 18 7 6 3 5 19 5 8 5 2 9 12 7 8 7 3
2 1 789 18 163
#s 15 2 0 1 15 4 2 2 0 6 1 1 5 8 5 22
1 15 313
#s 6 3 14 18 16 11 12 8 0 13 5 7 9 10 5 6
#s 17 10 8 11 11 7 5 8 10 5 5 5 5 9 5 6
#s 20 9 16 11 6 7 4 5 7 5 16 7 7 8 2 3
3 6 698 17 222 20 264
0
#s 11 7 9 2 4 15 17 7 8 6 3 10 5 6 7 7
#s 13 10 14 2 13 16 5 22 16 16 9 18 7 3 13 13
2 11 811 13 607
#s 10 14 16 6 11 12 15 16 3 14 8 4 17 17 6 5
1 10 879
#s 20 9 16 11 6 7 4 5 7 5 16 7 7 8 2 3
1 20 763
#s 3 6 6 4 4 5 14 7 4 5 12 6 6 5 8 5
#s 17 10 8 11 11 7 5 8 10 5 5 5 5 9 5 6
2 3 19 17 835
#s 6 3 14 18 16 11 12 8 0 13 5 7 9 10 5 6
#s 7 17 13 6 11 5 4 5 5 19 5 10 5 3 4 11
2 6 289 7 60
#s 6 3 14 18 16 11 12 8 0 13 5 7 9 10 5 6
#s 12 9 5 0 5 3 6 5 5 11 4 22 7 6 6 13
2 6 920 12 795
#s 11 7 9 2 4 15 17 7 8 6 3 10 5 6 7 7
1 11 929
0
0
#s 20 9 16 11 6 7 4 5 7 5 16 7 7 8 2 3
1 20 643
0
#s 1 0 6 11 0 11 8 7 8 4 1 6 5 9 6 11
1 1 563
0
#s 2 15 12 14 10 0 8 7 0 5 2 1 5 2 5 5
#s 4 11 7 8 3 9 17 1 13 7 9 6 4 5 5 11
2 2 225 4 380
0
0
0
#s 1 0 6 11 0 11 8 7 8 4 1 6 5 9 6 11
1 1 76
#s 18 7 6 3 5 19 5 8 5 2 9 12 7 8 7 3
#s 20 6 16 10 5 14 3 5 7 5 16 10 7 7 2 6
2 18 577 20 358
0
#s 2 15 12 14 10 0 8 7 0 5 2 1 5 2 5 5
#s 3 5 6 4 3 5 16 7 4 6 12 6 6 5 8 5
2 2 61 3 898
#s 13 10 14 2 13 16 5 22 16 16 9 18 7 3 13 13
1 13 695
#s 17 10 8 11 11 7 5 8 10 5 5 5 5 9 5 6
1 17 875
0
#s 14 1 3 9 5 17 6 4 5 11 5 5 5 4 3 0
#s 20 6 16 10 5 14 3 5 7 5 16 10 7 7 2 6
2 14 857 20 878
#s 2 15 12 14 10 0 8 7 0 5 2 1 5 2 5 5
#s 6 3 14 18 16 11 12 8 0 13 5 7 9 10 5 6
2 2 966 6 375
0
0
#s 19 2 3 3 5 5 9 7 4 5 5 3 5 4 6 5
1 19 803
#s 10 14 16 6 11 12 15 16 3 14 8 4 17 17 6 5
1 10 814
#s 10 14 16 6 11 12 15 16 3 14 8 4 17 17 6 5
#s 18 6 6 3 5 20 5 8 5 2 9 12 7 13 7 3
2 10 20 18 872
#s 7 17 13 6 11 5 4 5 5 19 5 10 5 3 4 11
#s 10 14 16 6 11 12 15 16 3 14 8 4 17 17 6 5
2 7 810 10 919
0
0
#s 17 10 8 11 11 7 5 8 10 5 5 5 5 9 5 6
1 17 694
0
#s 9 0 5 5 7 4 6 11 2 9 3 8 5 4 3 3
#s 11 7 9 2 6 15 15 5 8 6 3 10 5 6 7 9
#s 13 10 14 2 13 16 5 22 16 16 8 18 8 3 13 14
#s 14 1 3 9 5 17 6 4 5 11 5 5 5 4 3 0
4 9 514 11 780 13 445 14 360
0
#s 7 17 13 6 11 5 4 5 5 19 5 10 5 3 4 11
#s 20 6 16 10 5 14 3 5 7 5 16 10 7 7 2 6
2 7 154 20 525
#s 11 7 9 2 6 15 15 5 8 6 3 10 5 6 7 9
#s 16 0 13 9 5 0 5 4 3 6 3 4 10 5 4 4
2 11 265 16 167
#s 12 9 5 0 5 3 6 5 5 11 4 22 7 6 6 13
1 12 353
#s 13 10 14 2 13 16 5 22 18 16 8 18 8 3 13 14
#s 18 6 6 3 5 20 5 8 5 2 9 12 7 13 7 3
2 13 244 18 384
#s 13 10 14 2 13 16 5 22 18 16 8 18 8 3 13 14
1 13 848
#s 4 11 6 9 3 9 17 1 13 7 6 6 4 5 5 11
#s 8 6 3 5 4 2 1 1 12 1 5 11 5 5 5 2
2 4 172 8 642
#s 6 3 14 18 16 11 12 8 0 13 5 7 9 10 5 6
#s 10 14 16 6 11 12 15 16 3 14 8 4 17 17 6 5
2 6 276 10 372
#s 4 11 6 9 3 9 17 1 13 7 6 6 4 5 5 11
1 4 1000
0
0
#s 2 15 12 14 10 0 8 7 0 5 2 1 5 2 5 5
1 2 296
#s 3 4 5 4 3 5 18 9 4 7 12 6 7 5 8 5
1 3 440
0
#s 11 7 9 2 6 15 15 5 8 6 3 10 5 6 7 9
1 11 46
#s 9 0 5 5 7 4 6 11 2 9 3 8 5 4 3 3
1 9 995
0
0
0
#s 15 1 0 1 14 4 2 2 0 6 1 1 5 10 5 21
#s 18 6 6 3 5 20 5 8 5 2 9 12 7 13 7 3
2 15 951 18 374
0
0
#s 17 10 8 11 11 7 5 8 10 5 5 5 5 9 5 6
1 17 816
#s 1 0 6 11 0 11 8 7 8 4 1 6 5 9 6 11
#s 5 1 4 3 2 5 4 6 13 5 11 1 13 5 11 2
2 1 99 5 987
#s 7 17 13 6 11 5 4 5 5 19 5 10 5 3 4 11
1 7 318
0
#s 6 3 14 18 16 11 12 8 0 13 5 7 9 10 5 6
#s 8 6 3 5 4 2 1 1 12 1 5 11 5 5 5 2
2 6 49 8 904
0
#s 6 3 14 18 16 11 12 8 0 13 5 7 9 10 5 6
1 6 522
0
#s 10 14 16 6 11 12 15 16 3 14 8 4 17 17 6 5
#s 13 11 14 2 13 16 5 22 17 16 7 18 8 3 13 14
#s 14 1 3 9 5 17 6 4 5 11 5 5 5 4 3 0
3 10 270 13 807 14 637
#s 10 14 16 6 11 12 15 16 3 14 8 4 17 17 6 5
#s 20 6 16 10 5 14 3 5 7 5 16 10 7 7 2 6
2 10 156 20 912
0
0
0
0
0
#s 19 2 3 3 5 5 9 7 4 5 5 3 5 4 6 5
1 19 462
#s 13 11 14 2 13 16 5 22 17 16 7 18 8 3 13 14
1 13 186
#s 12 9 5 0 5 3 6 5 5 11 4 22 7 6 6 13
#s 15 1 0 1 14 4 2 2 0 6 1 1 5 10 5 21
2 12 955 15 818
0
#s 2 15 12 14 10 0 8 7 0 5 2 1 5 2 5 5
1 2 48
#s 16 0 13 9 5 0 5 4 3 6 3 4 10 5 4 4
1 16 605
0
#s 1 0 6 11 0 11 8 7 8 4 1 6 5 9 6 11
1 1 544
0
0
0
0
0
0
#s 18 6 6 3 5 20 5 8 5 2 9 12 7 13 7 3
1 18 998
0
0
#s 17 10 8 11 11 7 5 8 10 5 5 5 5 9 5 6
1 17 415
#s 3 4 5 4 3 5 18 10 4 7 12 6 7 5 8 5
1 3 471
0
0
#s 4 11 6 9 3 9 17 1 13 7 6 7 4 5 5 11
1 4 303
#s 6 3 14 18 16 11 12 8 0 13 5 7 9 10 5 6
1 6 927
0
0
0
0
#s 11 7 9 2 6 15 15 5 8 6 3 10 5 6 7 9
1 11 272
0
#s 10 14 16 6 11 12 15 16 3 14 8 4 17 17 6 5
#s 13 11 14 2 13 16 5 22 17 16 7 18 8 3 13 14
2 10 774 13 388
0
#s 11 7 9 2 6 15 15 5 8 6 3 10 5 6 7 9
1 11 17
#s 3 4 5 4 3 5 18 10 4 7 12 6 7 5 8 5
1 3 190
#s 9 0 6 4 7 4 4 11 2 11 3 7 5 4 4 3
1 9 890
#s 7 17 13 6 11 5 4 5 5 19 5 10 5 3 4 11
1 7 279
0
#s 20 6 16 10 5 14 3 5 7 5 16 10 7 7 2 6
1 20 391
0
0
#s 5 1 4 3 2 5 4 6 13 5 11 1 13 5 11 2
1 5 493
#s 8 7 3 5 4 2 1 1 12 1 5 11 3 5 5 2
#s 13 11 14 2 13 16 5 22 17 16 7 18 8 3 13 14
2 8 939 13 226
0
0
#s 20 6 16 10 5 14 3 5 7 5 16 10 7 7 2 6
1 20 822
#s 3 4 4 4 3 5 19 10 4 7 12 6 7 5 8 8
#s 6 3 14 18 16 11 12 8 0 13 5 7 9 10 5 6
#s 10 14 16 6 11 12 15 16 3 14 8 4 17 17 6 5
3 3 504 6 490 10 209
#s 12 9 5 0 5 3 6 5 5 11 4 22 7 6 6 13
1 12 992
0
0
#s 4 11 5 10 3 9 17 1 13 7 6 7 4 5 5 11
1 4 85
0
0
0
#s 3 4 4 4 3 5 19 10 4 7 12 6 7 5 8 8
1 3 485
0
0
0
0
#s 13 11 14 2 13 16 5 22 17 16 7 18 8 3 13 14
#s 16 0 14 9 5 0 5 4 3 6 3 4 13 5 4 4
2 13 900 16 988
#s 17 10 8 11 11 7 5 8 10 5 5 5 5 9 5 6
#s 18 6 6 3 5 20 5 8 5 2 9 12 7 13 7 3
2 17 881 18 484
#s 6 3 14 18 16 12 12 8 0 13 5 7 9 10 5 6
#s 14 1 3 9 5 17 6 4 5 11 5 5 5 4 3 0
2 6 352 14 684
#s 11 7 9 2 6 15 15 5 8 6 3 10 5 6 7 9
1 11 590
#s 10 14 16 6 11 12 15 16 3 14 8 4 19 17 6 5
1 10 320
#s 15 1 0 1 14 4 2 2 0 6 1 1 5 10 5 21
1 15 916
0
#s 19 2 3 3 5 5 9 6 4 5 5 3 5 4 6 5
1 19 850
#s 13 11 14 2 13 16 5 22 17 16 7 18 8 3 13 14
1 13 873
#s 1 0 6 11 0 11 8 7 8 4 1 6 5 9 6 11
#s 8 7 3 5 4 2 1 1 12 1 5 11 3 5 5 2
2 1 430 8 381
#s 6 3 15 18 17 15 12 11 0 12 2 13 9 10 5 7
1 6 188
#s 10 14 16 6 11 12 15 16 3 14 8 4 19 17 6 5
1 10 77
0
0
0
#s 17 10 8 11 11 7 5 8 10 5 5 5 5 9 5 6
1 17 717
0
#s 2 15 12 14 10 0 6 7 0 5 2 1 5 2 5 5
1 2 516
0
0
0
0
0
0
0
#s 13 11 14 2 13 16 5 22 17 16 7 18 8 3 13 14
#s 20 6 16 10 5 14 3 5 7 5 16 10 7 7 2 6
2 13 151 20 295
0
0
0
#s 12 9 5 0 5 3 6 5 5 11 4 22 7 6 6 13
1 12 377
#s 10 14 16 6 11 12 15 16 3 14 8 4 19 17 6 5
1 10 953
0
0
#s 7 20 10 6 11 5 4 16 5 19 4 6 4 3 4 12
1 7 711
#s 9 0 6 4 7 4 4 11 2 11 3 7 5 4 4 3
1 9 527
0
#s 5 1 4 3 2 5 4 6 13 5 11 1 13 5 11 2
#s 16 0 14 9 5 0 5 4 3 6 3 4 13 5 4 4
2 5 946 16 103
0
0
0
#s 20 6 16 10 5 14 3 5 7 5 16 10 7 7 2 6
1 20 16
0
#s 3 4 4 4 3 5 19 10 4 7 12 6 7 5 8 8
#s 18 6 6 2 5 20 6 8 5 1 9 12 8 13 7 3
2 3 591 18 792
#s 13 11 14 2 13 16 5 22 17 16 7 18 8 3 13 14
1 13 611
#s 4 11 5 10 3 9 17 1 13 7 6 7 4 5 5 11
#s 15 0 2 4 14 0 2 2 0 6 1 1 5 10 5 21
2 4 294 15 130
0
0
0
0
0
#s 11 7 9 2 6 15 15 5 8 6 3 10 5 6 7 9
1 11 170
#s 4 11 5 10 3 9 17 1 13 7 6 7 4 5 5 11
#s 6 3 15 18 17 15 12 11 0 12 2 13 9 10 5 7
2 4 105 6 62
#s 3 4 4 4 3 5 19 10 4 7 12 6 7 5 8 8
#s 10 14 17 6 11 11 15 16 3 14 8 4 19 17 6 5
2 3 731 10 38
0
#s 17 6 10 8 11 8 5 6 11 5 5 6 9 9 5 6
1 17 709
#s 1 0 6 11 0 11 8 7 8 4 1 6 5 8 6 11
1 1 635
#s 5 1 4 3 2 5 4 6 12 7 11 1 13 5 11 3
#s 14 1 3 9 5 17 6 4 4 11 5 6 5 4 3 0
2 5 457 14 772
0
0
#s 7 20 10 6 11 5 4 16 5 19 4 6 4 3 4 12
1 7 39
0
#s 13 11 14 2 13 16 5 22 17 16 7 18 8 3 13 14
1 13 376
0
#s 19 2 3 3 5 5 9 6 4 5 5 3 5 4 6 5
1 19 90
#s 20 7 16 10 5 14 2 5 7 5 16 10 7 7 2 12
1 20 78
0
0
0
#s 12 9 5 0 5 3 6 5 5 11 4 22 7 6 6 13
1 12 676
0
#s 18 6 6 2 5 20 6 8 5 1 9 12 8 14 7 3
#s 20 7 16 10 5 14 2 5 7 5 16 10 7 7 2 12
2 18 948 20 624
#s 11 7 9 2 6 15 15 5 8 6 3 10 5 6 7 9
1 11 947
#s 2 15 12 14 10 0 6 7 0 5 2 1 5 2 5 5
1 2 908
#s 10 14 17 6 11 11 15 16 3 14 8 4 19 17 6 5
1 10 600
0
#s 6 3 15 18 17 15 12 11 0 12 2 13 9 10 5 7
1 6 364
0
#s 10 14 17 6 11 11 15 16 3 14 8 4 19 17 6 5
#s 15 0 2 9 14 0 1 1 0 6 1 1 5 10 5 21
2 10 991 15 126
0
#s 8 7 3 5 4 2 1 1 10 1 5 11 3 5 5 2
1 8 230
0
0
0
#s 13 11 14 2 13 16 5 22 17 16 7 18 8 3 13 14
#s 17 6 10 8 11 8 5 6 11 5 5 6 9 9 5 6
2 13 716 17 823
0
0
#s 4 11 5 10 3 9 17 1 8 7 6 7 4 5 5 11
1 4 441
0
#s 1 0 6 11 0 11 8 7 8 4 1 6 5 8 6 11
#s 3 3 4 4 3 5 16 10 3 7 13 6 8 5 12 6
2 1 463 3 152
#s 14 1 3 9 5 17 6 4 4 11 5 6 5 4 3 0
1 14 798
#s 2 15 12 14 10 0 6 7 0 5 2 1 5 2 5 5
1 2 901
#s 9 0 6 4 7 4 4 11 2 11 3 7 5 4 4 3
1 9 836
#s 16 0 14 9 5 0 5 4 3 6 3 4 13 5 4 4
1 16 393
#s 13 11 14 2 13 16 5 22 17 16 7 18 8 3 13 14
1 13 926
0
0
0
#s 10 14 17 6 11 11 15 16 3 14 8 4 19 17 6 5
1 10 844
0
#s 5 1 4 3 2 5 5 6 11 8 10 1 13 5 12 3
#s 11 7 9 2 6 15 15 5 8 6 3 10 5 6 7 9
2 5 258 11 521
0
#s 6 3 15 18 17 15 12 11 0 12 2 13 9 10 5 7
1 6 27
#s 7 20 10 6 11 5 4 16 5 20 4 5 4 3 4 12
1 7 856
#s 20 7 16 10 5 14 2 5 7 5 16 10 7 7 2 12
1 20 851
0
0
#s 2 15 12 14 10 0 6 7 0 5 2 1 5 2 5 5
#s 18 6 6 2 5 20 6 8 5 1 9 12 8 14 7 3
#s 20 7 16 10 5 14 2 5 7 5 16 10 7 7 2 12
3 2 954 18 707 20 40
0
#s 7 20 10 6 11 5 4 16 5 20 4 5 4 3 4 12
1 7 528
#s 5 1 4 3 2 5 5 6 11 8 10 1 13 5 12 3
#s 11 7 9 2 6 15 15 5 8 6 3 10 5 6 7 9
#s 17 6 10 8 11 8 5 6 11 5 5 6 9 9 5 6
3 5 365 11 899 17 706
0
0
#s 4 11 5 9 3 9 17 1 8 7 6 7 4 5 5 11
1 4 501
#s 3 3 4 4 3 5 16 10 3 7 13 6 8 5 12 6
1 3 874
#s 12 9 4 0 4 2 6 5 6 11 4 21 8 7 6 13
1 12 184
#s 10 14 17 6 11 11 15 16 3 14 8 4 19 17 6 5
1 10 324
#s 12 9 4 0 4 2 6 5 6 11 4 21 8 7 6 13
1 12 231
0
0
0
#s 1 0 6 11 0 11 8 7 8 4 1 6 5 8 6 10
#s 10 14 17 6 11 11 15 16 3 14 8 4 19 17 6 5
2 1 58 10 603
#s 11 7 9 2 6 15 15 5 8 6 3 10 5 6 7 9
#s 19 2 3 3 5 5 9 6 4 5 5 3 5 4 6 5
2 11 453 19 235
#s 5 1 4 3 2 5 5 6 11 8 10 1 13 5 12 3
#s 6 3 15 18 17 15 12 11 0 12 2 13 9 10 5 7
#s 13 11 14 2 13 16 5 22 17 16 7 18 8 3 13 14
3 5 859 6 937 13 712
#s 18 6 6 2 5 20 6 8 5 1 9 12 8 14 7 3
1 18 982
0
0
#s 8 7 3 4 4 3 1 1 10 1 5 11 3 5 5 2
1 8 930
#s 11 7 9 2 6 15 15 5 8 6 3 10 5 6 7 9
1 11 620
0
#s 9 0 6 4 7 4 4 11 2 11 3 7 5 4 4 3
1 9 468
0
0
#s 16 0 14 9 5 0 5 4 3 6 3 4 13 5 4 4
#s 20 7 16 10 5 14 2 5 7 5 16 10 7 7 2 12
2 16 910 20 68
#s 13 11 14 2 13 15 5 22 17 16 7 18 8 3 13 14
1 13 959
0
#s 6 3 15 18 17 15 12 11 0 12 2 13 9 10 5 7
#s 7 20 10 6 11 5 4 16 5 20 4 5 4 3 4 11
#s 14 1 3 9 5 17 6 4 4 11 5 6 5 4 3 0
3 6 426 7 3 14 950
#s 4 11 5 9 3 9 18 1 8 7 6 7 4 5 5 11
#s 17 6 10 8 11 8 5 6 11 5 5 6 9 9 5 6
#s 19 2 3 3 5 5 9 6 4 5 5 3 5 4 6 5
3 4 337 17 306 19 344
0
#s 6 3 15 18 17 15 12 11 0 12 2 13 9 10 5 7
1 6 214
#s 10 14 17 6 11 11 15 16 3 14 8 4 19 17 6 5
1 10 427
#s 5 1 4 3 2 5 5 6 11 8 10 1 13 5 12 3
#s 12 9 4 0 4 2 6 5 6 11 4 21 8 7 6 13
2 5 257 12 465
0
#s 10 14 17 6 11 11 15 16 3 14 8 4 19 17 6 5
#s 13 11 14 2 13 15 5 22 17 16 7 18 8 3 13 14
#s 15 0 2 9 14 0 1 1 0 6 1 1 5 11 5 20
3 10 428 13 962 15 191
#s 2 15 12 14 10 0 6 7 0 5 2 1 5 2 5 5
1 2 543
#s 6 3 15 18 17 15 12 11 0 12 2 13 9 10 5 7
#s 17 6 10 8 11 8 5 6 11 5 5 6 9 9 5 6
#s 18 6 6 2 5 20 6 8 5 1 9 15 8 14 7 3
3 6 100 17 989 18 192
#s 10 14 17 6 11 11 15 16 3 14 8 4 19 17 6 5
1 10 843
#s 13 11 14 2 13 15 5 22 17 16 7 18 8 3 13 14
1 13 651
0
#s 20 7 16 10 5 14 2 5 7 5 16 10 7 7 2 12
1 20 788
0
#s 3 3 4 4 3 5 16 10 3 7 13 6 8 5 12 6
1 3 552
#s 1 0 6 11 0 11 8 7 8 4 1 6 5 8 6 10
#s 7 20 10 6 11 5 4 16 5 20 4 5 4 3 4 11
2 1 87 7 134
0
0
#s 5 1 4 3 2 5 5 6 11 8 10 1 13 5 12 3
#s 11 7 9 2 6 15 15 5 8 6 3 10 5 6 7 9
2 5 877 11 524
#s 4 11 5 9 3 9 18 1 8 7 6 7 4 5 5 11
1 4 652
0
0
#s 13 11 14 2 13 15 5 22 17 16 7 18 8 3 13 14
1 13 554
0
#s 6 3 15 18 17 15 12 11 0 12 2 13 9 10 5 7
#s 13 11 14 2 13 15 5 22 17 16 7 18 8 3 13 14
2 6 550 13 431
#s 6 3 15 18 17 15 12 11 0 12 2 13 9 10 5 7
1 6 499
#s 9 0 6 4 7 4 4 11 2 11 3 7 5 4 4 3
1 9 592
0
#s 17 6 10 8 11 8 5 6 11 5 5 6 9 9 5 6
1 17 447
0
0
#s 13 11 14 2 13 15 5 22 17 16 7 18 8 3 13 14
1 13 861
#s 10 14 17 6 11 11 15 16 3 14 8 4 19 17 6 5
#s 20 7 16 10 5 14 2 5 7 5 16 10 7 7 2 12
2 10 407 20 940
#s 10 14 17 6 11 11 15 16 3 14 8 4 19 17 6 5
1 10 892
#s 11 7 9 2 6 15 15 5 8 6 3 10 5 6 7 9
#s 18 6 6 2 5 20 6 8 5 1 9 15 8 14 7 3
2 11 409 18 59
#s 7 19 10 6 11 5 4 15 6 21 4 5 4 3 4 10
#s 12 9 4 0 4 2 6 5 6 11 4 21 8 7 6 13
2 7 158 12 993
0
#s 1 0 6 11 0 11 8 7 8 4 1 6 5 8 6 10
#s 8 7 3 4 4 3 1 1 10 1 5 11 3 4 5 2
2 1 621 8 893
#s 11 7 9 2 6 15 15 5 8 6 3 10 5 6 7 9
#s 16 0 14 9 5 0 5 4 3 6 3 4 13 5 4 4
2 11 555 16 675
#s 4 11 5 9 3 9 18 1 8 7 6 7 4 5 5 11
#s 5 1 4 3 2 5 5 6 11 8 10 1 13 5 12 3
#s 19 2 5 3 3 6 9 6 4 3 5 3 5 4 6 5
3 4 667 5 150 19 700
#s 3 3 4 4 3 5 16 10 3 7 13 6 8 5 12 5
1 3 434
#s 17 6 10 8 11 8 5 6 11 5 5 6 9 9 5 6
1 17 492
#s 13 11 14 2 13 15 5 22 17 16 7 18 8 3 13 14
1 13 112
#s 4 11 5 9 3 9 18 1 8 7 6 7 4 5 5 11
#s 14 1 3 9 5 17 6 4 4 11 5 6 5 4 3 0
2 4 779 14 241
0
#s 2 15 12 14 10 0 6 7 0 5 2 1 5 2 5 5
1 2 945
#s 20 7 16 10 5 14 2 5 7 5 16 10 7 7 2 12
1 20 261
0
#s 6 3 15 18 17 15 12 11 0 12 2 13 9 10 5 7
1 6 174
0
#s 10 14 17 6 11 11 15 16 3 14 8 4 19 17 6 5
1 10 129
#s 13 11 14 2 13 15 5 22 17 16 7 18 8 3 13 14
1 13 688
#s 18 6 6 2 5 20 6 8 5 1 9 15 8 14 7 3
1 18 238
0
#s 7 19 10 6 11 5 4 15 6 21 4 5 4 3 4 10
1 7 437
#s 6 3 15 18 17 15 12 11 0 12 2 13 9 10 5 7
1 6 382
#s 12 9 4 0 4 2 6 5 6 11 4 21 8 7 6 13
1 12 347
0
#s 4 11 5 9 3 9 18 1 8 7 6 7 4 5 5 11
#s 10 14 17 6 11 11 15 16 3 14 8 4 19 17 6 5
2 4 994 10 32
#s 9 0 6 4 7 4 4 11 2 11 3 7 5 4 4 3
#s 11 7 9 2 6 15 15 5 8 6 3 10 5 6 7 9
2 9 573 11 461
#s 17 6 10 8 11 8 5 6 11 5 5 6 9 9 5 6
1 17 964
#s 3 3 4 4 3 5 16 10 3 8 13 6 8 5 12 5
#s 20 7 16 10 5 14 2 5 7 5 16 10 7 7 2 12
2 3 557 20 949
#s 13 11 14 2 13 15 5 22 17 16 7 18 8 3 13 14
1 13 902
#s 15 0 2 9 12 0 1 1 0 6 1 1 5 11 5 20
1 15 801
0
#s 6 3 15 18 17 15 12 11 0 12 2 13 9 10 5 7
#s 14 1 3 9 5 17 6 4 4 11 5 6 5 4 3 0
2 6 96 14 981
#s 4 11 5 9 3 9 18 1 8 7 6 7 4 5 5 11
1 4 969
#s 1 0 6 11 0 11 8 7 8 4 1 6 5 8 6 10
#s 10 14 17 6 11 11 15 16 3 14 8 4 19 17 6 5
#s 16 0 13 9 5 1 5 4 2 6 3 4 13 5 4 4
#s 17 6 10 8 11 8 5 6 11 5 5 6 9 9 5 6
4 1 545 10 401 16 922 17 310
#s 12 9 4 0 4 2 6 5 6 11 4 21 8 7 6 13
1 12 140
0
0
#s 5 1 4 3 2 5 5 6 11 8 10 1 13 5 12 3
#s 10 14 17 6 11 11 15 16 3 14 8 4 19 17 6 5
2 5 518 10 217
#s 20 7 16 10 5 14 2 5 7 5 16 10 7 7 2 12
1 20 741
#s 13 11 14 2 13 15 5 22 17 16 7 18 8 3 13 14
#s 19 2 5 3 3 6 9 5 4 3 6 3 5 4 6 5
2 13 88 19 115
#s 10 14 17 6 11 11 15 16 3 14 8 4 19 17 6 5
#s 11 7 9 2 6 15 15 5 8 6 3 10 5 6 7 9
#s 13 11 14 2 13 15 5 22 17 16 7 18 8 3 13 14
3 10 67 11 206 13 273
#s 2 15 12 14 10 0 6 7 0 5 2 1 5 2 5 5
#s 10 14 17 6 11 11 15 16 3 14 8 4 19 17 6 5
#s 18 6 6 2 5 20 6 8 5 1 9 15 8 14 7 3
3 2 819 10 868 18 208
#s 7 19 10 6 11 5 4 15 6 21 4 5 4 3 4 10
1 7 24
#s 4 11 5 9 3 9 18 1 8 7 6 7 4 5 5 11
#s 8 7 3 4 4 3 1 1 10 1 5 11 3 4 5 2
2 4 984 8 714
0
#s 10 14 17 6 11 11 15 16 3 14 8 4 19 17 6 5
#s 17 5 10 8 12 9 4 6 11 5 6 6 9 9 8 6
2 10 385 17 290
#s 6 3 15 18 17 15 12 11 0 12 2 13 9 10 5 7
1 6 934
#s 13 11 14 2 13 15 5 22 17 16 7 18 8 3 13 14
1 13 363
#s 1 0 6 11 0 11 8 7 8 4 1 6 5 8 6 10
#s 9 0 6 4 7 4 4 11 2 11 3 7 5 4 4 3
2 1 559 9 567
#s 3 3 4 4 3 5 16 10 3 8 13 6 8 5 12 5
1 3 9
0
#s 10 14 18 6 11 11 15 16 3 11 8 4 19 17 6 5
#s 12 9 4 0 4 2 6 5 6 11 4 21 8 7 6 13
2 10 812 12 967
#s 7 19 10 6 11 5 4 15 6 21 4 5 4 3 4 10
#s 11 7 9 2 6 15 15 5 8 6 3 10 5 6 7 9
2 7 81 11 144
#s 16 0 13 9 5 1 5 4 2 6 3 4 13 5 4 4
1 16 917
#s 13 11 14 2 13 15 5 22 17 16 7 18 8 3 13 14
1 13 629
#s 18 6 6 2 5 20 6 8 5 1 9 15 8 14 7 3
1 18 155
#s 14 1 3 9 5 17 6 4 4 11 5 6 5 4 3 0
#s 17 5 10 8 12 9 4 6 11 5 6 6 9 9 8 6
2 14 43 17 647
0
#s 20 7 16 10 5 14 2 5 7 5 16 10 7 7 2 12
1 20 138
0
#s 19 1 5 3 3 6 10 5 4 3 6 3 5 5 6 5
1 19 636
#s 4 11 5 9 3 9 18 1 8 7 6 7 4 5 5 11
#s 15 0 2 8 12 0 1 1 0 6 1 1 5 11 5 20
2 4 329 15 339
#s 10 14 18 6 11 11 15 16 3 11 8 4 19 17 6 5
1 10 975
#s 10 14 18 6 11 11 15 16 3 11 8 4 19 17 6 5
1 10 23
#s 7 19 10 6 11 5 4 15 6 21 4 5 4 3 4 10
1 7 464
#s 13 11 14 2 13 15 5 22 17 16 7 18 8 3 13 14
1 13 298
#s 1 0 6 11 0 11 8 7 8 4 1 6 5 8 6 10
#s 2 15 12 14 10 0 6 7 0 5 2 1 5 2 5 5
#s 3 3 3 4 4 5 17 10 2 8 13 6 8 5 12 5
#s 4 11 5 9 3 9 18 1 8 7 6 7 4 5 5 11
#s 5 1 4 3 2 5 5 6 11 8 10 1 13 5 12 3
#s 17 5 10 8 12 9 4 6 11 5 6 6 9 9 8 6
6 1 678 2 968 3 356 4 383 5 715 17 971
#s 6 3 15 18 17 15 12 11 0 12 2 13 9 10 5 7
#s 11 7 9 2 6 15 15 5 8 6 3 10 5 6 7 9
2 6 448 11 952
#s 4 11 5 9 3 9 18 1 8 7 6 7 4 5 5 11
#s 11 7 9 2 6 15 15 5 8 6 3 15 5 6 7 9
#s 13 11 14 2 13 15 5 22 17 16 7 18 8 3 13 14
3 4 101 11 251 13 961
0
#s 3 3 3 4 4 5 17 10 2 8 13 6 8 5 12 5
1 3 323
#s 14 1 2 11 5 16 6 4 4 11 5 6 5 4 3 0
1 14 734
#s 8 7 3 4 4 3 1 1 10 1 5 11 3 4 5 2
#s 10 14 18 6 11 11 15 16 3 11 8 4 19 17 6 5
#s 11 7 9 2 6 15 15 5 8 6 3 15 5 6 7 9
#s 20 7 16 10 5 14 2 5 7 5 16 10 7 7 2 12
4 8 13 10 189 11 429 20 884
#s 10 14 18 6 11 11 15 16 3 11 8 4 19 17 6 5
#s 12 9 4 0 4 2 6 5 6 11 4 21 8 7 6 13
#s 18 6 6 2 5 20 6 8 5 1 9 15 8 14 7 3
3 10 980 12 936 18 133
#s 6 3 15 18 17 15 12 11 0 12 2 13 9 10 5 7
#s 11 7 9 2 6 15 15 5 8 6 3 15 5 6 7 9
2 6 713 11 677
#s 17 5 10 8 12 9 4 6 11 5 6 6 9 9 8 6
1 17 201
#s 4 11 5 9 3 10 18 1 8 7 6 7 4 5 5 11
#s 7 19 10 6 11 5 4 15 6 21 4 5 4 3 4 10
2 4 308 7 960
#s 9 0 6 4 7 4 4 11 2 11 3 7 5 4 4 3
#s 10 14 18 6 11 11 15 16 3 11 8 4 19 17 6 5
#s 13 11 14 2 13 15 5 22 17 16 7 18 8 3 13 14
3 9 941 10 446 13 436
#s 13 11 14 2 13 15 5 22 17 16 7 18 8 3 13 14
1 13 479
0
#s 7 19 10 6 11 5 4 15 6 21 4 5 4 3 4 10
#s 13 11 14 2 13 15 5 22 17 16 7 18 8 3 13 14
#s 16 0 13 9 5 1 5 4 2 6 3 4 13 5 4 4
#s 20 7 16 10 5 14 2 5 7 5 16 10 7 7 2 12
4 7 469 13 438 16 674 20 531
#s 4 11 5 9 3 10 18 1 8 7 6 7 4 5 5 11
#s 11 7 9 2 6 15 15 5 8 6 3 15 5 6 7 9
#s 13 11 14 2 13 15 5 22 17 16 7 18 8 3 13 14
#s 17 5 10 8 12 9 4 6 11 5 6 6 9 9 8 6
4 4 560 11 30 13 41 17 44
#s 3 3 3 4 4 5 17 10 2 8 13 6 8 5 12 5
#s 6 3 15 18 17 15 12 11 0 12 2 13 9 10 5 7
#s 10 14 18 6 11 11 15 16 3 11 8 4 19 17 6 5
#s 13 11 14 2 13 15 5 22 17 16 7 18 8 3 13 14
#s 17 5 10 8 12 9 4 6 11 5 6 6 9 9 8 6
5 3 943 6 229 10 773 13 986 17 999
#s 1 0 6 11 0 11 8 7 8 4 1 6 5 8 6 10
#s 2 15 12 14 10 0 5 7 0 5 2 1 5 2 5 5
#s 4 11 5 9 3 10 18 1 8 7 6 7 4 5 5 11
#s 5 1 4 3 2 5 5 6 11 8 10 1 13 5 12 3
#s 10 14 18 6 11 11 15 16 3 11 8 4 19 17 6 5
#s 11 7 9 2 6 15 15 5 8 6 3 15 5 6 7 9
#s 13 11 14 2 13 15 5 22 17 16 7 18 8 3 13 14
7 1 863 2 246 4 612 5 997 10 722 11 416 13 983
0
#s 19 1 6 3 3 5 10 5 4 3 6 2 5 5 6 5
1 19 842
0
0
#s 17 5 10 8 12 9 4 6 11 5 6 6 9 9 8 6
#s 20 7 16 10 5 14 2 5 7 5 16 10 7 7 2 12
2 17 589 20 885
#s 6 3 14 18 18 15 13 12 0 12 1 14 9 10 5 8
#s 9 0 6 4 7 4 4 11 2 11 3 7 5 4 4 3
#s 13 11 14 2 13 15 5 22 17 16 7 18 8 3 13 14
#s 14 1 2 11 5 16 6 4 4 11 5 6 5 4 3 0
#s 15 0 2 8 12 0 1 1 0 6 1 1 5 14 5 17
#s 17 5 10 8 12 9 4 6 11 5 5 6 9 9 9 6
6 6 505 9 905 13 978 14 197 15 918 17 15
#s 1 0 6 11 0 11 8 7 8 4 1 6 5 8 6 10
#s 7 19 10 6 11 5 4 15 6 21 4 5 4 3 4 10
#s 13 11 14 2 13 15 5 22 17 16 7 18 8 3 13 14
3 1 168 7 508 13 928
#s 4 11 5 9 3 10 18 1 8 7 6 7 4 5 5 11
#s 8 7 3 4 4 3 1 1 10 1 5 11 3 4 5 2
#s 10 14 18 6 11 11 15 16 3 11 8 4 19 17 6 5
#s 12 9 4 0 4 2 6 5 6 11 4 21 8 7 6 13
4 4 442 8 262 10 511 12 963
#s 3 3 3 4 4 5 17 10 2 8 13 6 8 5 12 5
#s 6 3 14 18 18 15 13 12 0 12 1 14 9 10 5 8
#s 10 14 18 6 11 11 15 16 3 11 8 4 19 17 6 5
#s 11 7 9 2 6 15 15 5 8 6 3 15 5 6 7 9
#s 13 11 14 2 13 15 5 22 17 16 7 18 8 3 13 14
#s 20 7 16 10 5 14 2 5 7 5 16 10 7 7 2 12
6 3 183 6 125 10 120 11 460 13 357 20 913
#s 10 14 18 6 11 11 15 16 3 11 8 4 19 17 6 5
#s 13 11 14 2 13 15 5 22 17 16 7 18 8 3 13 14
#s 18 6 6 2 5 20 6 8 5 1 9 15 8 14 7 3
#s 20 7 16 10 5 14 2 5 7 5 16 10 7 7 2 12
4 10 56 13 386 18 862 20 458
#s 10 14 18 6 11 11 15 16 3 11 8 4 19 17 6 5
#s 13 11 14 2 13 15 5 22 17 16 7 18 8 3 13 14
#s 17 5 10 8 12 9 4 6 11 5 5 6 9 9 9 6
#s 20 7 16 10 5 14 2 5 7 5 16 10 7 7 2 12
4 10 809 13 833 17 588 20 205
#s 7 19 10 6 11 5 4 15 6 21 4 5 4 3 4 10
#s 10 14 18 6 11 11 15 16 3 11 8 4 19 17 6 5
#s 20 7 16 10 5 14 2 5 7 5 16 10 7 7 2 12
3 7 400 10 724 20 284
#s 6 3 14 18 18 15 13 12 0 12 1 14 9 10 5 8
#s 10 14 18 6 11 11 15 16 3 11 8 4 19 17 6 5
#s 17 5 10 8 12 9 4 6 11 5 5 6 9 9 9 6
3 6 990 10 342 17 439
#s 17 5 10 8 12 9 4 6 11 5 5 6 9 9 9 6
1 17 378
#s 2 15 12 14 10 0 5 7 0 5 2 1 5 2 5 5
#s 4 11 5 9 3 10 18 1 8 7 6 7 4 5 5 11
#s 5 1 4 3 2 5 5 6 11 8 10 1 13 5 12 3
#s 7 20 11 6 11 5 4 16 6 21 4 5 3 3 4 10
#s 12 9 4 0 4 2 6 5 6 11 4 21 8 7 6 13
#s 13 11 14 2 13 15 5 22 17 16 7 18 8 3 13 14
#s 14 1 2 11 5 16 6 4 4 11 5 6 5 4 3 0
#s 19 1 6 3 3 5 10 5 4 3 6 2 5 5 6 5
8 2 245 4 582 5 568 7 204 12 321 13 450 14 473 19 871
#s 1 0 6 11 0 11 8 7 8 4 1 6 5 8 6 10
#s 3 3 3 4 4 5 17 10 2 8 13 6 8 5 12 5
#s 6 3 14 18 18 15 13 12 0 12 1 14 9 10 5 8
#s 10 14 18 6 11 11 15 16 3 11 8 4 19 17 6 5
4 1 977 3 319 6 665 10 562
#s 3 3 3 4 4 5 17 10 2 8 13 6 8 5 12 5
#s 11 7 9 2 6 15 16 4 8 6 3 15 5 6 7 9
#s 13 11 14 2 13 15 5 22 17 16 7 18 8 3 13 14
3 3 93 11 935 13 758
#s 11 7 9 2 6 15 16 4 8 6 3 15 5 6 7 9
#s 13 11 14 2 13 15 5 22 17 16 7 18 8 3 13 14
#s 18 6 6 2 5 20 6 8 5 1 9 15 8 14 7 3
#s 19 1 6 3 3 5 10 5 4 3 6 2 5 5 6 5
4 11 164 13 418 18 410 19 341
#s 11 7 9 2 6 15 16 4 8 6 3 15 5 6 7 9
#s 16 0 14 9 5 1 5 4 2 6 3 4 13 5 3 4
#s 20 7 16 10 5 14 2 5 7 5 16 10 7 7 2 12
3 11 806 16 965 20 213
#s 7 20 11 6 11 5 4 16 6 21 4 5 3 3 4 10
#s 13 11 14 2 13 15 5 22 17 16 7 18 8 3 13 14
#s 20 7 16 10 5 14 2 5 7 5 16 10 7 7 2 12
3 7 334 13 996 20 219
#s 2 15 12 14 10 0 5 7 0 5 2 1 5 2 5 5
#s 3 3 3 4 4 5 17 10 2 8 13 6 8 5 12 5
#s 6 3 14 18 18 15 13 12 0 12 1 14 9 10 5 8
#s 13 11 14 2 13 15 5 22 17 16 7 18 8 3 13 14
#s 17 5 10 8 12 9 4 6 11 5 5 6 9 9 9 6
5 2 561 3 28 6 944 13 108 17 233
#s 3 3 3 4 4 5 17 10 2 8 13 6 8 5 12 5
#s 6 3 14 18 18 15 13 12 0 12 1 14 9 10 5 8
#s 9 0 6 4 7 4 4 11 2 11 3 7 5 4 4 3
#s 13 11 14 2 13 15 5 22 17 16 7 18 8 3 13 14
#s 14 1 2 11 5 16 6 4 4 11 5 6 5 4 3 0
#s 17 5 10 8 12 9 4 6 11 5 5 6 9 9 9 6
6 3 1 6 671 9 738 13 266 14 304 17 424
#s 8 7 3 4 4 3 1 1 10 1 5 11 3 4 5 2
#s 13 11 14 2 13 15 5 22 17 16 7 18 8 3 13 14
#s 17 5 10 8 12 9 4 6 11 5 5 6 9 9 9 6
3 8 472 13 369 17 769
#s 2 15 12 14 10 0 5 7 0 5 2 1 5 2 5 5
#s 3 3 3 4 4 5 17 10 2 8 13 6 8 5 12 5
#s 4 11 5 9 3 10 18 1 8 7 6 7 4 5 5 11
#s 6 3 15 18 18 15 13 12 0 12 1 15 9 13 4 8
#s 10 14 18 6 11 11 15 16 3 11 8 4 19 17 6 5
#s 12 9 4 0 4 2 6 5 6 11 4 21 8 7 6 13
#s 20 7 16 10 5 14 2 5 7 5 16 10 7 7 2 12
7 2 829 3 974 4 121 6 640 10 535 12 970 20 751
#s 1 0 6 11 0 11 8 7 8 4 1 6 5 8 6 10
#s 3 3 3 4 4 5 17 10 2 8 13 6 8 5 12 5
#s 11 7 9 2 6 15 16 4 8 6 3 15 5 6 7 9
#s 20 7 16 10 5 14 2 5 7 5 16 10 7 7 2 12
4 1 775 3 198 11 891 20 883
#s 3 3 3 4 4 5 17 10 2 8 13 6 8 5 12 5
#s 11 7 9 2 6 15 16 4 8 6 3 15 5 6 7 9
#s 18 6 6 2 5 20 6 8 5 1 9 15 8 14 7 3
#s 19 1 6 3 3 5 10 5 4 3 6 2 5 5 6 5
#s 20 7 16 10 5 14 2 5 7 5 16 10 7 7 2 12
5 3 292 11 973 18 985 19 315 20 690
#s 3 3 3 4 4 5 17 10 2 8 13 6 8 5 12 5
#s 5 1 4 3 2 5 5 6 11 8 10 1 13 5 12 3
#s 6 3 15 18 18 15 13 12 0 12 1 15 9 13 4 8
#s 7 20 11 6 11 5 4 16 6 21 4 5 3 3 4 10
#s 10 14 18 6 11 11 15 16 3 11 8 4 19 17 6 5
#s 11 7 9 2 6 15 16 4 8 6 3 15 5 6 7 9
#s 12 9 4 0 4 2 6 5 6 11 4 21 8 7 6 13
#s 13 11 14 2 13 15 5 22 17 16 7 18 8 3 13 14
#s 17 5 10 8 12 9 4 6 11 5 5 6 9 9 9 6
#s 18 6 6 2 5 20 6 8 5 1 9 15 8 14 7 3
#s 20 7 16 10 5 14 2 5 7 5 16 10 7 7 2 12
3 13 175 3 564 5 359
#s 4 11 5 9 3 10 18 1 8 7 6 7 4 5 5 11
#s 9 0 6 4 7 4 4 11 2 11 3 7 5 4 4 3
#s 16 0 14 9 5 1 5 4 2 6 3 4 13 5 3 4
#s 19 1 6 3 3 5 10 5 4 3 6 2 5 5 6 5
0
#s 5 1 4 3 2 5 5 6 11 8 10 1 13 5 12 3
#s 15 0 2 8 12 0 1 1 0 6 1 1 5 14 5 17
0
#s 1 0 6 11 0 11 8 7 8 4 1 6 5 8 6 10
#s 8 7 3 4 4 3 1 1 10 1 5 11 3 4 5 2
0
#s 2 15 12 14 10 0 5 7 0 5 2 1 5 2 5 5
0
#s 3 3 3 4 4 5 17 10 2 8 13 6 8 5 12 5
#s 14 1 2 11 5 16 6 4 4 11 5 6 5 4 3 0
0
0
